{
 "cells": [
  {
   "cell_type": "code",
   "execution_count": 148,
   "id": "e84c6efd",
   "metadata": {},
   "outputs": [],
   "source": [
    "import polars as pl\n",
    "import datetime as dt\n",
    "import numpy as np"
   ]
  },
  {
   "cell_type": "code",
   "execution_count": 149,
   "id": "20491e75",
   "metadata": {},
   "outputs": [],
   "source": [
    "def compute_weights(covariance, expected_returns): #This works\n",
    "    w = np.linalg.solve(covariance, expected_returns)\n",
    "    return w/np.sum(w)\n",
    "\n",
    "def weights_error(cov_est, cov_real, expected_returns): #This definitely doesn't work\n",
    "    return np.linalg.norm(compute_weights(cov_est, expected_returns) - compute_weights(cov_real, expected_returns))\n"
   ]
  },
  {
   "cell_type": "code",
   "execution_count": 150,
   "id": "c832c811",
   "metadata": {},
   "outputs": [
    {
     "name": "stdout",
     "output_type": "stream",
     "text": [
      "[array([[0.00036762, 0.00044861, 0.0001949 ],\n",
      "       [0.00044861, 0.00054745, 0.00023784],\n",
      "       [0.0001949 , 0.00023784, 0.00010333]]), array([[0.00036372, 0.00046594, 0.00019423],\n",
      "       [0.00046594, 0.00064076, 0.00025159],\n",
      "       [0.00019423, 0.00025159, 0.0001039 ]]), array([[3.49637942e-04, 4.43409159e-04, 1.86569098e-04],\n",
      "       [4.43409159e-04, 6.47350367e-04, 2.40625638e-04],\n",
      "       [1.86569098e-04, 2.40625638e-04, 9.97657312e-05]]), array([[3.35917635e-04, 4.24294722e-04, 1.78408776e-04],\n",
      "       [4.24294722e-04, 6.28616982e-04, 2.34625211e-04],\n",
      "       [1.78408776e-04, 2.34625211e-04, 9.76098175e-05]]), array([[0.00034514, 0.00042461, 0.00020011],\n",
      "       [0.00042461, 0.00061666, 0.00024724],\n",
      "       [0.00020011, 0.00024724, 0.00013041]]), array([[0.00033235, 0.0004099 , 0.0001945 ],\n",
      "       [0.0004099 , 0.00059706, 0.00024269],\n",
      "       [0.0001945 , 0.00024269, 0.00013083]]), array([[0.0003427 , 0.00042614, 0.00022283],\n",
      "       [0.00042614, 0.00061824, 0.00028284],\n",
      "       [0.00022283, 0.00028284, 0.00018076]]), array([[0.0003297 , 0.00040438, 0.00021194],\n",
      "       [0.00040438, 0.00062479, 0.00028467],\n",
      "       [0.00021194, 0.00028467, 0.00017904]]), array([[0.00032828, 0.00041625, 0.00022362],\n",
      "       [0.00041625, 0.00066669, 0.00032137],\n",
      "       [0.00022362, 0.00032137, 0.00020645]]), array([[0.00032327, 0.00041475, 0.00022912],\n",
      "       [0.00041475, 0.00066827, 0.00033544],\n",
      "       [0.00022912, 0.00033544, 0.00022386]]), array([[0.00031075, 0.00039781, 0.00022309],\n",
      "       [0.00039781, 0.00064183, 0.00031934],\n",
      "       [0.00022309, 0.00031934, 0.00023904]]), array([[0.00030082, 0.00038857, 0.00022138],\n",
      "       [0.00038857, 0.00063393, 0.00032578],\n",
      "       [0.00022138, 0.00032578, 0.00025025]]), array([[0.00029767, 0.00038325, 0.0002316 ],\n",
      "       [0.00038325, 0.00062034, 0.0003347 ],\n",
      "       [0.0002316 , 0.0003347 , 0.00028122]]), array([[0.00028583, 0.00036826, 0.00022209],\n",
      "       [0.00036826, 0.00059723, 0.00032004],\n",
      "       [0.00022209, 0.00032004, 0.00027093]]), array([[0.0002804 , 0.00036264, 0.00022575],\n",
      "       [0.00036264, 0.00058718, 0.00032628],\n",
      "       [0.00022575, 0.00032628, 0.00028629]]), array([[0.00027229, 0.00035965, 0.00022025],\n",
      "       [0.00035965, 0.00060636, 0.00032632],\n",
      "       [0.00022025, 0.00032632, 0.00027886]]), array([[0.00026434, 0.00034314, 0.0002161 ],\n",
      "       [0.00034314, 0.00058365, 0.0003099 ],\n",
      "       [0.0002161 , 0.0003099 , 0.00027509]]), array([[0.00025671, 0.0003284 , 0.00020708],\n",
      "       [0.0003284 , 0.00056065, 0.00029763],\n",
      "       [0.00020708, 0.00029763, 0.00026414]]), array([[0.0002522 , 0.00032163, 0.00020155],\n",
      "       [0.00032163, 0.00054527, 0.00028878],\n",
      "       [0.00020155, 0.00028878, 0.0002549 ]]), array([[0.00026474, 0.00031484, 0.00021469],\n",
      "       [0.00031484, 0.00052509, 0.00028292],\n",
      "       [0.00021469, 0.00028292, 0.00026456]]), array([[0.00027582, 0.00030763, 0.00023613],\n",
      "       [0.00030763, 0.00050542, 0.00027906],\n",
      "       [0.00023613, 0.00027906, 0.00029558]]), array([[0.00026572, 0.00029384, 0.00022685],\n",
      "       [0.00029384, 0.00048758, 0.00026763],\n",
      "       [0.00022685, 0.00026763, 0.00028379]]), array([[0.00025794, 0.00027965, 0.00021772],\n",
      "       [0.00027965, 0.00047016, 0.00025698],\n",
      "       [0.00021772, 0.00025698, 0.00027244]]), array([[0.00024866, 0.00027161, 0.00021129],\n",
      "       [0.00027161, 0.0004609 , 0.00025363],\n",
      "       [0.00021129, 0.00025363, 0.00026657]]), array([[0.00024113, 0.00026874, 0.00020245],\n",
      "       [0.00026874, 0.00046891, 0.0002422 ],\n",
      "       [0.00020245, 0.0002422 , 0.00025597]]), array([[0.0002318 , 0.00025663, 0.00019566],\n",
      "       [0.00025663, 0.00045595, 0.00022697],\n",
      "       [0.00019566, 0.00022697, 0.00025102]]), array([[0.00022253, 0.00024619, 0.00018769],\n",
      "       [0.00024619, 0.00044565, 0.00022458],\n",
      "       [0.00018769, 0.00022458, 0.00024662]]), array([[0.0002156 , 0.00023826, 0.00018589],\n",
      "       [0.00023826, 0.00042969, 0.00022115],\n",
      "       [0.00018589, 0.00022115, 0.00025333]]), array([[0.00020747, 0.00022913, 0.0001792 ],\n",
      "       [0.00022913, 0.00041282, 0.0002129 ],\n",
      "       [0.0001792 , 0.0002129 , 0.0002443 ]]), array([[0.0002021 , 0.00022702, 0.00017565],\n",
      "       [0.00022702, 0.00041329, 0.00021311],\n",
      "       [0.00017565, 0.00021311, 0.000239  ]]), array([[0.00019592, 0.00021744, 0.00016915],\n",
      "       [0.00021744, 0.00039689, 0.00020445],\n",
      "       [0.00016915, 0.00020445, 0.00022959]]), array([[0.00018815, 0.00020867, 0.00016233],\n",
      "       [0.00020867, 0.00038111, 0.00019635],\n",
      "       [0.00016233, 0.00019635, 0.00022047]]), array([[0.00018079, 0.00020065, 0.00015677],\n",
      "       [0.00020065, 0.0003665 , 0.0001903 ],\n",
      "       [0.00015677, 0.0001903 , 0.0002168 ]]), array([[0.0001739 , 0.00019216, 0.0001499 ],\n",
      "       [0.00019216, 0.00035247, 0.0001835 ],\n",
      "       [0.0001499 , 0.0001835 , 0.00020917]]), array([[0.0001715 , 0.00019333, 0.00015575],\n",
      "       [0.00019333, 0.00035562, 0.0001992 ],\n",
      "       [0.00015575, 0.0001992 , 0.00023159]]), array([[0.00016486, 0.00018711, 0.00014883],\n",
      "       [0.00018711, 0.00035146, 0.00018662],\n",
      "       [0.00014883, 0.00018662, 0.00022445]]), array([[0.00015968, 0.00017861, 0.00014441],\n",
      "       [0.00017861, 0.00033812, 0.00017806],\n",
      "       [0.00014441, 0.00017806, 0.00021712]]), array([[0.0001556 , 0.00017425, 0.00014056],\n",
      "       [0.00017425, 0.00032794, 0.00017325],\n",
      "       [0.00014056, 0.00017325, 0.00021005]]), array([[0.00014951, 0.00016719, 0.00013447],\n",
      "       [0.00016719, 0.00031488, 0.00016664],\n",
      "       [0.00013447, 0.00016664, 0.00020335]]), array([[0.00014475, 0.00016495, 0.00013044],\n",
      "       [0.00016495, 0.0003185 , 0.00016488],\n",
      "       [0.00013044, 0.00016488, 0.0001967 ]]), array([[0.00014084, 0.00015698, 0.00012589],\n",
      "       [0.00015698, 0.00030677, 0.0001578 ],\n",
      "       [0.00012589, 0.0001578 , 0.00018907]]), array([[0.00013629, 0.00014728, 0.00012126],\n",
      "       [0.00014728, 0.00030526, 0.00015021],\n",
      "       [0.00012126, 0.00015021, 0.00018166]]), array([[0.00013106, 0.00014053, 0.00011709],\n",
      "       [0.00014053, 0.00029633, 0.00014161],\n",
      "       [0.00011709, 0.00014161, 0.00017645]]), array([[0.00012872, 0.00013714, 0.00011512],\n",
      "       [0.00013714, 0.00028618, 0.00013802],\n",
      "       [0.00011512, 0.00013802, 0.00017193]]), array([[0.0001258 , 0.00013331, 0.0001135 ],\n",
      "       [0.00013331, 0.00027597, 0.00013473],\n",
      "       [0.0001135 , 0.00013473, 0.00016907]]), array([[0.00012418, 0.000122  , 0.00011237],\n",
      "       [0.000122  , 0.00027542, 0.00012337],\n",
      "       [0.00011237, 0.00012337, 0.00016571]]), array([[0.00011939, 0.00011793, 0.0001063 ],\n",
      "       [0.00011793, 0.00026801, 0.00011146],\n",
      "       [0.0001063 , 0.00011146, 0.00017256]]), array([[0.00011483, 0.00011304, 0.00010245],\n",
      "       [0.00011304, 0.00025743, 0.00010668],\n",
      "       [0.00010245, 0.00010668, 0.0001664 ]]), array([[1.11734015e-04, 1.07692061e-04, 9.95067177e-05],\n",
      "       [1.07692061e-04, 2.47586933e-04, 1.01774700e-04],\n",
      "       [9.95067177e-05, 1.01774700e-04, 1.60640496e-04]]), array([[1.10949429e-04, 1.08389611e-04, 9.94426351e-05],\n",
      "       [1.08389611e-04, 2.44482338e-04, 1.03023284e-04],\n",
      "       [9.94426351e-05, 1.03023284e-04, 1.58377007e-04]]), array([[1.06534632e-04, 1.04016988e-04, 9.57269449e-05],\n",
      "       [1.04016988e-04, 2.34762228e-04, 9.84836906e-05],\n",
      "       [9.57269449e-05, 9.84836906e-05, 1.55003563e-04]]), array([[1.03370542e-04, 1.01087795e-04, 9.42058343e-05],\n",
      "       [1.01087795e-04, 2.26753830e-04, 9.71345610e-05],\n",
      "       [9.42058343e-05, 9.71345610e-05, 1.53657826e-04]]), array([[9.93537063e-05, 9.63988348e-05, 9.10077208e-05],\n",
      "       [9.63988348e-05, 2.21214629e-04, 9.01303157e-05],\n",
      "       [9.10077208e-05, 9.01303157e-05, 1.50266380e-04]]), array([[9.53802771e-05, 9.25859217e-05, 8.73782455e-05],\n",
      "       [9.25859217e-05, 2.14942301e-04, 8.71735681e-05],\n",
      "       [8.73782455e-05, 8.71735681e-05, 1.44418949e-04]]), array([[9.34243023e-05, 8.93399856e-05, 8.50231365e-05],\n",
      "       [8.93399856e-05, 2.06457186e-04, 8.39671494e-05],\n",
      "       [8.50231365e-05, 8.39671494e-05, 1.39341213e-04]]), array([[9.01218032e-05, 8.55333757e-05, 8.27891082e-05],\n",
      "       [8.55333757e-05, 1.98323863e-04, 7.99826494e-05],\n",
      "       [8.27891082e-05, 7.99826494e-05, 1.36901589e-04]]), array([[8.65234420e-05, 8.17837986e-05, 7.94051925e-05],\n",
      "       [8.17837986e-05, 2.06938914e-04, 8.04308646e-05],\n",
      "       [7.94051925e-05, 8.04308646e-05, 1.32229514e-04]]), array([[8.49681374e-05, 8.80426958e-05, 7.94340928e-05],\n",
      "       [8.80426958e-05, 2.46323024e-04, 9.32426744e-05],\n",
      "       [7.94340928e-05, 9.32426744e-05, 1.32331044e-04]]), array([[8.15903102e-05, 8.44138594e-05, 7.62793387e-05],\n",
      "       [8.44138594e-05, 2.37019264e-04, 8.93970663e-05],\n",
      "       [7.62793387e-05, 8.93970663e-05, 1.27062264e-04]]), array([[7.83950748e-05, 8.13247464e-05, 7.35663601e-05],\n",
      "       [8.13247464e-05, 2.28746832e-04, 8.72428783e-05],\n",
      "       [7.35663601e-05, 8.72428783e-05, 1.23652497e-04]]), array([[7.55857779e-05, 7.67354741e-05, 7.10611383e-05],\n",
      "       [7.67354741e-05, 2.25065925e-04, 8.19628946e-05],\n",
      "       [7.10611383e-05, 8.19628946e-05, 1.19292442e-04]]), array([[7.25627600e-05, 7.36142372e-05, 6.81741587e-05],\n",
      "       [7.36142372e-05, 2.22560370e-04, 8.42682038e-05],\n",
      "       [6.81741587e-05, 8.42682038e-05, 1.19319684e-04]]), array([[7.42989746e-05, 6.91552002e-05, 6.77666927e-05],\n",
      "       [6.91552002e-05, 2.14152404e-04, 8.01401968e-05],\n",
      "       [6.77666927e-05, 8.01401968e-05, 1.15706716e-04]]), array([[7.46119256e-05, 6.76574040e-05, 6.82362801e-05],\n",
      "       [6.76574040e-05, 2.06076083e-04, 7.81625901e-05],\n",
      "       [6.82362801e-05, 7.81625901e-05, 1.14157382e-04]]), array([[7.50933043e-05, 6.91561210e-05, 6.86092090e-05],\n",
      "       [6.91561210e-05, 2.02934849e-04, 7.88001061e-05],\n",
      "       [6.86092090e-05, 7.88001061e-05, 1.12368110e-04]]), array([[7.20963721e-05, 6.63810261e-05, 6.60343080e-05],\n",
      "       [6.63810261e-05, 1.94828974e-04, 7.54275427e-05],\n",
      "       [6.60343080e-05, 7.54275427e-05, 1.12096800e-04]]), array([[7.19328431e-05, 6.32497452e-05, 6.11630945e-05],\n",
      "       [6.32497452e-05, 1.87119119e-04, 7.28006491e-05],\n",
      "       [6.11630945e-05, 7.28006491e-05, 1.09440720e-04]]), array([[6.94515499e-05, 6.29098121e-05, 5.85790731e-05],\n",
      "       [6.29098121e-05, 1.91745715e-04, 6.91282393e-05],\n",
      "       [5.85790731e-05, 6.91282393e-05, 1.05110831e-04]]), array([[6.67699479e-05, 6.11574861e-05, 5.66658823e-05],\n",
      "       [6.11574861e-05, 1.90128116e-04, 6.97689525e-05],\n",
      "       [5.66658823e-05, 6.97689525e-05, 1.02823008e-04]]), array([[6.54754402e-05, 6.58461435e-05, 5.31533830e-05],\n",
      "       [6.58461435e-05, 2.19511999e-04, 6.05193921e-05],\n",
      "       [5.31533830e-05, 6.05193921e-05, 9.98378854e-05]]), array([[6.29280212e-05, 6.33746217e-05, 5.05662093e-05],\n",
      "       [6.33746217e-05, 2.11099530e-04, 5.70533794e-05],\n",
      "       [5.05662093e-05, 5.70533794e-05, 9.88130906e-05]]), array([[6.04360496e-05, 6.15219867e-05, 4.84711442e-05],\n",
      "       [6.15219867e-05, 2.21169069e-04, 5.28064332e-05],\n",
      "       [4.84711442e-05, 5.28064332e-05, 9.50690893e-05]]), array([[5.90960614e-05, 5.98101929e-05, 4.68514911e-05],\n",
      "       [5.98101929e-05, 2.12843099e-04, 5.09160904e-05],\n",
      "       [4.68514911e-05, 5.09160904e-05, 9.13608857e-05]]), array([[5.68245463e-05, 5.86566928e-05, 4.55585558e-05],\n",
      "       [5.86566928e-05, 2.20953826e-04, 5.66773428e-05],\n",
      "       [4.55585558e-05, 5.66773428e-05, 9.13641458e-05]]), array([[5.45556321e-05, 5.60015219e-05, 4.37513805e-05],\n",
      "       [5.60015219e-05, 2.35574553e-04, 5.32584329e-05],\n",
      "       [4.37513805e-05, 5.32584329e-05, 8.77661334e-05]]), array([[5.30866616e-05, 5.06592228e-05, 4.31502726e-05],\n",
      "       [5.06592228e-05, 2.39644481e-04, 4.61308512e-05],\n",
      "       [4.31502726e-05, 4.61308512e-05, 8.61062713e-05]]), array([[5.50231043e-05, 6.48646722e-05, 4.67025557e-05],\n",
      "       [6.48646722e-05, 2.94954717e-04, 6.53886286e-05],\n",
      "       [4.67025557e-05, 6.53886286e-05, 8.95243384e-05]]), array([[5.29046864e-05, 6.24681046e-05, 4.50039333e-05],\n",
      "       [6.24681046e-05, 2.83631784e-04, 6.31798439e-05],\n",
      "       [4.50039333e-05, 6.31798439e-05, 8.62915011e-05]]), array([[5.14143879e-05, 5.89771288e-05, 4.43540729e-05],\n",
      "       [5.89771288e-05, 2.73859577e-04, 5.88290295e-05],\n",
      "       [4.43540729e-05, 5.88290295e-05, 8.49539270e-05]]), array([[4.94088532e-05, 5.63011003e-05, 4.24382664e-05],\n",
      "       [5.63011003e-05, 2.64873285e-04, 5.73554184e-05],\n",
      "       [4.24382664e-05, 5.73554184e-05, 8.19488455e-05]]), array([[4.88611761e-05, 5.61702553e-05, 4.21902471e-05],\n",
      "       [5.61702553e-05, 2.57427760e-04, 5.72133341e-05],\n",
      "       [4.21902471e-05, 5.72133341e-05, 8.01415412e-05]]), array([[4.69759979e-05, 5.31366617e-05, 4.02726277e-05],\n",
      "       [5.31366617e-05, 2.56067243e-04, 5.75373387e-05],\n",
      "       [4.02726277e-05, 5.75373387e-05, 7.76996331e-05]]), array([[4.50985198e-05, 5.08793938e-05, 3.85564150e-05],\n",
      "       [5.08793938e-05, 2.56947285e-04, 6.41227584e-05],\n",
      "       [3.85564150e-05, 6.41227584e-05, 8.16921723e-05]]), array([[4.76603133e-05, 4.45361553e-05, 3.85305035e-05],\n",
      "       [4.45361553e-05, 2.50920546e-04, 6.00615340e-05],\n",
      "       [3.85305035e-05, 6.00615340e-05, 7.89511557e-05]]), array([[4.85724163e-05, 5.00049072e-05, 3.76616792e-05],\n",
      "       [5.00049072e-05, 2.59533745e-04, 5.93887074e-05],\n",
      "       [3.76616792e-05, 5.93887074e-05, 7.59535187e-05]]), array([[4.77257939e-05, 4.56462250e-05, 3.52508740e-05],\n",
      "       [4.56462250e-05, 2.54226359e-04, 5.89587202e-05],\n",
      "       [3.52508740e-05, 5.89587202e-05, 7.36613841e-05]]), array([[4.72774085e-05, 4.59971025e-05, 3.43336466e-05],\n",
      "       [4.59971025e-05, 2.47301169e-04, 5.73347773e-05],\n",
      "       [3.43336466e-05, 5.73347773e-05, 7.08811971e-05]]), array([[5.07039817e-05, 5.07915799e-05, 4.23818720e-05],\n",
      "       [5.07915799e-05, 2.45686197e-04, 6.67958041e-05],\n",
      "       [4.23818720e-05, 6.67958041e-05, 8.47386010e-05]]), array([[4.87577747e-05, 4.83416339e-05, 4.10172378e-05],\n",
      "       [4.83416339e-05, 2.37993655e-04, 6.24363893e-05],\n",
      "       [4.10172378e-05, 6.24363893e-05, 8.26830432e-05]]), array([[4.73884919e-05, 4.60475579e-05, 3.82885163e-05],\n",
      "       [4.60475579e-05, 2.28697471e-04, 6.06138380e-05],\n",
      "       [3.82885163e-05, 6.06138380e-05, 8.14131680e-05]]), array([[4.62028884e-05, 4.42385651e-05, 3.49254643e-05],\n",
      "       [4.42385651e-05, 2.19551098e-04, 5.81043837e-05],\n",
      "       [3.49254643e-05, 5.81043837e-05, 8.28816201e-05]]), array([[4.77060405e-05, 4.38354833e-05, 3.68744465e-05],\n",
      "       [4.38354833e-05, 2.11326221e-04, 5.71445216e-05],\n",
      "       [3.68744465e-05, 5.71445216e-05, 8.29070975e-05]]), array([[4.59019763e-05, 4.38257989e-05, 3.55715271e-05],\n",
      "       [4.38257989e-05, 2.32060040e-04, 5.77386780e-05],\n",
      "       [3.55715271e-05, 5.77386780e-05, 7.98749838e-05]]), array([[4.52514731e-05, 3.32002905e-05, 3.36455130e-05],\n",
      "       [3.32002905e-05, 2.89176458e-04, 5.91945698e-05],\n",
      "       [3.36455130e-05, 5.91945698e-05, 7.68935204e-05]]), array([[4.35336816e-05, 3.16069740e-05, 3.23769315e-05],\n",
      "       [3.16069740e-05, 2.78372254e-04, 5.66046948e-05],\n",
      "       [3.23769315e-05, 5.66046948e-05, 7.38824380e-05]]), array([[4.27829717e-05, 3.69866010e-05, 3.28929809e-05],\n",
      "       [3.69866010e-05, 3.11796038e-04, 6.64871878e-05],\n",
      "       [3.28929809e-05, 6.64871878e-05, 7.42383219e-05]]), array([[4.26433319e-05, 3.37406591e-05, 3.29468425e-05],\n",
      "       [3.37406591e-05, 3.01309617e-04, 6.22883695e-05],\n",
      "       [3.29468425e-05, 6.22883695e-05, 7.24622588e-05]]), array([[4.13490429e-05, 3.13105805e-05, 3.14799651e-05],\n",
      "       [3.13105805e-05, 2.92094500e-04, 6.01881184e-05],\n",
      "       [3.14799651e-05, 6.01881184e-05, 6.96177298e-05]]), array([[4.37187130e-05, 2.76993768e-05, 3.43750133e-05],\n",
      "       [2.76993768e-05, 2.81793512e-04, 5.53452425e-05],\n",
      "       [3.43750133e-05, 5.53452425e-05, 7.11221225e-05]]), array([[4.25701707e-05, 3.03404647e-05, 3.31829826e-05],\n",
      "       [3.03404647e-05, 2.93939508e-04, 5.42743153e-05],\n",
      "       [3.31829826e-05, 5.42743153e-05, 6.83330150e-05]]), array([[4.47886842e-05, 3.79491726e-05, 3.01810128e-05],\n",
      "       [3.79491726e-05, 3.02030713e-04, 4.83356542e-05],\n",
      "       [3.01810128e-05, 4.83356542e-05, 6.63148755e-05]]), array([[4.33266156e-05, 3.83561895e-05, 3.03503362e-05],\n",
      "       [3.83561895e-05, 3.01196226e-04, 5.44448201e-05],\n",
      "       [3.03503362e-05, 5.44448201e-05, 6.94135716e-05]]), array([[4.21457952e-05, 3.71846107e-05, 2.93630799e-05],\n",
      "       [3.71846107e-05, 2.89386549e-04, 5.24159428e-05],\n",
      "       [2.93630799e-05, 5.24159428e-05, 6.67301375e-05]]), array([[4.04604648e-05, 3.56518593e-05, 2.81680645e-05],\n",
      "       [3.56518593e-05, 2.81916445e-04, 5.21736913e-05],\n",
      "       [2.81680645e-05, 5.21736913e-05, 6.48985564e-05]]), array([[3.88421047e-05, 3.42219031e-05, 2.70371385e-05],\n",
      "       [3.42219031e-05, 2.70897121e-04, 5.03653943e-05],\n",
      "       [2.70371385e-05, 5.03653943e-05, 6.26043478e-05]]), array([[4.47914136e-05, 3.52617265e-05, 2.77002346e-05],\n",
      "       [3.52617265e-05, 2.60834505e-04, 4.89108447e-05],\n",
      "       [2.77002346e-05, 4.89108447e-05, 6.05058207e-05]]), array([[4.47210395e-05, 3.11012479e-05, 2.76638573e-05],\n",
      "       [3.11012479e-05, 2.54794682e-04, 4.52423161e-05],\n",
      "       [2.76638573e-05, 4.52423161e-05, 5.87527622e-05]]), array([[4.39304874e-05, 2.70023844e-05, 2.62102006e-05],\n",
      "       [2.70023844e-05, 2.52766820e-04, 4.44252341e-05],\n",
      "       [2.62102006e-05, 4.44252341e-05, 5.65233382e-05]]), array([[4.21844080e-05, 2.57339829e-05, 2.54603582e-05],\n",
      "       [2.57339829e-05, 2.45839180e-04, 3.76014178e-05],\n",
      "       [2.54603582e-05, 3.76014178e-05, 6.22642872e-05]]), array([[4.67509405e-05, 2.66862079e-05, 3.63102804e-05],\n",
      "       [2.66862079e-05, 2.36633489e-04, 3.98579068e-05],\n",
      "       [3.63102804e-05, 3.98579068e-05, 8.22968152e-05]]), array([[4.48809029e-05, 2.56176948e-05, 3.48575093e-05],\n",
      "       [2.56176948e-05, 2.42224107e-04, 4.33516254e-05],\n",
      "       [3.48575093e-05, 4.33516254e-05, 8.07244014e-05]]), array([[4.88870430e-05, 3.58988480e-05, 4.13261405e-05],\n",
      "       [3.58988480e-05, 2.54568276e-04, 5.69410300e-05],\n",
      "       [4.13261405e-05, 5.69410300e-05, 8.81524989e-05]]), array([[5.57584987e-05, 2.97984505e-05, 4.51674981e-05],\n",
      "       [2.97984505e-05, 2.46850390e-04, 5.17599657e-05],\n",
      "       [4.51674981e-05, 5.17599657e-05, 8.80464376e-05]]), array([[5.35284266e-05, 2.86190003e-05, 4.33533784e-05],\n",
      "       [2.86190003e-05, 2.37558513e-04, 4.93436829e-05],\n",
      "       [4.33533784e-05, 4.93436829e-05, 8.47300912e-05]]), array([[5.95763381e-05, 3.43515488e-05, 4.61454877e-05],\n",
      "       [3.43515488e-05, 2.33831858e-04, 5.11711561e-05],\n",
      "       [4.61454877e-05, 5.11711561e-05, 8.38426298e-05]]), array([[6.30669912e-05, 2.49283610e-05, 4.57843122e-05],\n",
      "       [2.49283610e-05, 2.35508830e-04, 4.70898047e-05],\n",
      "       [4.57843122e-05, 4.70898047e-05, 8.08641847e-05]]), array([[6.62987795e-05, 3.23921434e-05, 5.18673812e-05],\n",
      "       [3.23921434e-05, 2.38528743e-04, 5.68429845e-05],\n",
      "       [5.18673812e-05, 5.68429845e-05, 8.85147912e-05]]), array([[7.39753857e-05, 4.02434722e-05, 5.38794364e-05],\n",
      "       [4.02434722e-05, 2.37088228e-04, 5.81885088e-05],\n",
      "       [5.38794364e-05, 5.81885088e-05, 8.65912240e-05]]), array([[7.11469758e-05, 3.57656816e-05, 5.14841742e-05],\n",
      "       [3.57656816e-05, 2.90586133e-04, 6.11331473e-05],\n",
      "       [5.14841742e-05, 6.11331473e-05, 8.35689094e-05]]), array([[7.01410547e-05, 3.77579284e-05, 5.20570164e-05],\n",
      "       [3.77579284e-05, 2.85330260e-04, 6.35845204e-05],\n",
      "       [5.20570164e-05, 6.35845204e-05, 8.39917418e-05]]), array([[6.77988523e-05, 3.97413046e-05, 5.08984941e-05],\n",
      "       [3.97413046e-05, 3.00254654e-04, 6.80049971e-05],\n",
      "       [5.08984941e-05, 6.80049971e-05, 8.24733676e-05]]), array([[6.52388412e-05, 3.86142832e-05, 4.94388441e-05],\n",
      "       [3.86142832e-05, 2.89653070e-04, 6.70394642e-05],\n",
      "       [4.94388441e-05, 6.70394642e-05, 8.13601857e-05]]), array([[6.29890116e-05, 3.53168000e-05, 4.76785882e-05],\n",
      "       [3.53168000e-05, 2.86608773e-04, 6.32990073e-05],\n",
      "       [4.76785882e-05, 6.32990073e-05, 7.82370410e-05]]), array([[6.10274362e-05, 3.65171405e-05, 4.68615536e-05],\n",
      "       [3.65171405e-05, 2.87381012e-04, 6.58719654e-05],\n",
      "       [4.68615536e-05, 6.58719654e-05, 7.72372533e-05]]), array([[6.60674061e-05, 4.22040487e-05, 4.91450809e-05],\n",
      "       [4.22040487e-05, 2.82714757e-04, 6.72097311e-05],\n",
      "       [4.91450809e-05, 6.72097311e-05, 7.64587805e-05]]), array([[6.89771699e-05, 3.26330344e-05, 5.00080325e-05],\n",
      "       [3.26330344e-05, 2.82597487e-04, 6.05053461e-05],\n",
      "       [5.00080325e-05, 6.05053461e-05, 7.48415659e-05]]), array([[7.37063217e-05, 3.49254424e-05, 5.33678310e-05],\n",
      "       [3.49254424e-05, 2.73022119e-04, 6.06604055e-05],\n",
      "       [5.33678310e-05, 6.06604055e-05, 7.56847048e-05]]), array([[7.18173873e-05, 3.75845945e-05, 4.91903781e-05],\n",
      "       [3.75845945e-05, 2.77632459e-04, 5.04122631e-05],\n",
      "       [4.91903781e-05, 5.04122631e-05, 7.65964393e-05]]), array([[7.06008388e-05, 3.33055645e-05, 4.83700860e-05],\n",
      "       [3.33055645e-05, 2.71179050e-04, 4.64728980e-05],\n",
      "       [4.83700860e-05, 4.64728980e-05, 7.43274087e-05]]), array([[7.11961344e-05, 2.68072941e-05, 4.38845648e-05],\n",
      "       [2.68072941e-05, 2.68136942e-04, 4.84677001e-05],\n",
      "       [4.38845648e-05, 4.84677001e-05, 7.32570720e-05]]), array([[7.02840126e-05, 2.21868571e-05, 4.25540783e-05],\n",
      "       [2.21868571e-05, 2.63915148e-04, 4.57501655e-05],\n",
      "       [4.25540783e-05, 4.57501655e-05, 7.04200549e-05]]), array([[6.76580400e-05, 2.23597223e-05, 4.16933267e-05],\n",
      "       [2.23597223e-05, 2.59423231e-04, 4.87326729e-05],\n",
      "       [4.16933267e-05, 4.87326729e-05, 7.14221282e-05]]), array([[6.50464821e-05, 2.22116433e-05, 3.97909698e-05],\n",
      "       [2.22116433e-05, 2.54923855e-04, 4.49355898e-05],\n",
      "       [3.97909698e-05, 4.49355898e-05, 6.91461442e-05]]), array([[6.66827598e-05, 1.39724844e-05, 3.99778531e-05],\n",
      "       [1.39724844e-05, 2.57476062e-04, 4.00534689e-05],\n",
      "       [3.99778531e-05, 4.00534689e-05, 6.71266501e-05]]), array([[6.42527507e-05, 1.08478255e-05, 3.93718163e-05],\n",
      "       [1.08478255e-05, 2.74918643e-04, 2.77139336e-05],\n",
      "       [3.93718163e-05, 2.77139336e-05, 6.85974938e-05]]), array([[6.36095492e-05, 1.11136560e-05, 3.87887548e-05],\n",
      "       [1.11136560e-05, 2.64176004e-04, 2.69655456e-05],\n",
      "       [3.87887548e-05, 2.69655456e-05, 6.63640954e-05]]), array([[6.63909677e-05, 1.33454185e-05, 3.72522049e-05],\n",
      "       [1.33454185e-05, 2.54953856e-04, 2.58944617e-05],\n",
      "       [3.72522049e-05, 2.58944617e-05, 6.37095738e-05]]), array([[6.62883579e-05, 1.70351702e-05, 3.36630746e-05],\n",
      "       [1.70351702e-05, 2.51742905e-04, 2.13861616e-05],\n",
      "       [3.36630746e-05, 2.13861616e-05, 6.28869754e-05]]), array([[6.43997784e-05, 1.62031933e-05, 3.12986894e-05],\n",
      "       [1.62031933e-05, 2.41702904e-04, 2.07315915e-05],\n",
      "       [3.12986894e-05, 2.07315915e-05, 6.17294318e-05]]), array([[6.24134527e-05, 1.52635836e-05, 2.86977658e-05],\n",
      "       [1.52635836e-05, 2.32178872e-04, 2.05691504e-05],\n",
      "       [2.86977658e-05, 2.05691504e-05, 6.23463033e-05]]), array([[ 6.91236140e-05, -1.10655385e-06,  2.02551571e-05],\n",
      "       [-1.10655385e-06,  2.49868248e-04,  3.22331046e-05],\n",
      "       [ 2.02551571e-05,  3.22331046e-05,  6.56322228e-05]]), array([[ 7.11866782e-05, -6.05846269e-06,  2.38093704e-05],\n",
      "       [-6.05846269e-06,  2.45043708e-04,  2.64273457e-05],\n",
      "       [ 2.38093704e-05,  2.64273457e-05,  6.69522785e-05]]), array([[ 6.94007346e-05, -4.44435938e-06,  2.52108092e-05],\n",
      "       [-4.44435938e-06,  2.37014637e-04,  2.84119919e-05],\n",
      "       [ 2.52108092e-05,  2.84119919e-05,  6.94935144e-05]]), array([[ 6.68632573e-05, -4.43409420e-06,  2.39358898e-05],\n",
      "       [-4.43409420e-06,  2.27651675e-04,  2.74626370e-05],\n",
      "       [ 2.39358898e-05,  2.74626370e-05,  6.70114670e-05]]), array([[ 6.53341792e-05, -5.55359384e-06,  2.15817802e-05],\n",
      "       [-5.55359384e-06,  2.20013897e-04,  2.79454245e-05],\n",
      "       [ 2.15817802e-05,  2.79454245e-05,  6.60340025e-05]]), array([[ 6.65233690e-05, -5.53617065e-06,  2.45846070e-05],\n",
      "       [-5.53617065e-06,  2.11224363e-04,  2.66194660e-05],\n",
      "       [ 2.45846070e-05,  2.66194660e-05,  6.73233432e-05]]), array([[ 6.40598577e-05, -4.60877354e-06,  2.36718368e-05],\n",
      "       [-4.60877354e-06,  2.05299738e-04,  2.58071904e-05],\n",
      "       [ 2.36718368e-05,  2.58071904e-05,  6.46556666e-05]]), array([[ 6.33600763e-05, -6.94091499e-06,  2.31983468e-05],\n",
      "       [-6.94091499e-06,  2.00487668e-04,  2.41353357e-05],\n",
      "       [ 2.31983468e-05,  2.41353357e-05,  6.21897504e-05]]), array([[ 6.08256733e-05, -6.66344999e-06,  2.22699864e-05],\n",
      "       [-6.66344999e-06,  1.93231418e-04,  2.50670795e-05],\n",
      "       [ 2.22699864e-05,  2.50670795e-05,  6.44177497e-05]]), array([[6.64807225e-05, 3.74954288e-06, 3.03233352e-05],\n",
      "       [3.74954288e-06, 1.98230843e-04, 3.52847897e-05],\n",
      "       [3.03233352e-05, 3.52847897e-05, 7.17318700e-05]]), array([[6.38506360e-05, 3.52354098e-06, 2.91442119e-05],\n",
      "       [3.52354098e-06, 1.90499914e-04, 3.37852020e-05],\n",
      "       [2.91442119e-05, 3.37852020e-05, 6.89018206e-05]]), array([[6.28593918e-05, 2.07837900e-06, 3.07497879e-05],\n",
      "       [2.07837900e-06, 1.83968356e-04, 3.01209661e-05],\n",
      "       [3.07497879e-05, 3.01209661e-05, 7.10602875e-05]]), array([[6.48264368e-05, 3.24182101e-06, 3.62757616e-05],\n",
      "       [3.24182101e-06, 1.76956376e-04, 3.07954047e-05],\n",
      "       [3.62757616e-05, 3.07954047e-05, 7.84028304e-05]]), array([[6.24983010e-05, 2.54110316e-06, 3.46413496e-05],\n",
      "       [2.54110316e-06, 1.71109023e-04, 2.99588719e-05],\n",
      "       [3.46413496e-05, 2.99588719e-05, 7.53936558e-05]]), array([[6.78119475e-05, 1.00526349e-05, 3.45011551e-05],\n",
      "       [1.00526349e-05, 1.71682575e-04, 2.99740330e-05],\n",
      "       [3.45011551e-05, 2.99740330e-05, 7.25764319e-05]]), array([[7.38075600e-05, 1.56330954e-05, 4.03726474e-05],\n",
      "       [1.56330954e-05, 1.68925369e-04, 3.37569684e-05],\n",
      "       [4.03726474e-05, 3.37569684e-05, 7.57119902e-05]]), array([[7.11091482e-05, 1.25710179e-05, 3.75222251e-05],\n",
      "       [1.25710179e-05, 1.85555469e-04, 4.42647473e-05],\n",
      "       [3.75222251e-05, 4.42647473e-05, 7.86959466e-05]]), array([[ 7.23897963e-05, -7.01036545e-06,  3.59744346e-05],\n",
      "       [-7.01036545e-06,  2.66373141e-04,  4.27110808e-05],\n",
      "       [ 3.59744346e-05,  4.27110808e-05,  7.55486420e-05]]), array([[ 7.07545750e-05, -4.67901129e-06,  3.65172352e-05],\n",
      "       [-4.67901129e-06,  2.59055609e-04,  4.42274885e-05],\n",
      "       [ 3.65172352e-05,  4.42274885e-05,  7.56427993e-05]]), array([[8.40211734e-05, 2.56086810e-06, 5.81636783e-05],\n",
      "       [2.56086810e-06, 2.51783496e-04, 5.25826558e-05],\n",
      "       [5.81636783e-05, 5.25826558e-05, 1.05787667e-04]]), array([[8.12009324e-05, 5.95384432e-06, 5.74973781e-05],\n",
      "       [5.95384432e-06, 2.64312533e-04, 6.12140549e-05],\n",
      "       [5.74973781e-05, 6.12140549e-05, 1.06654920e-04]]), array([[8.23361313e-05, 1.01990854e-05, 5.49116603e-05],\n",
      "       [1.01990854e-05, 2.58325874e-04, 5.84731388e-05],\n",
      "       [5.49116603e-05, 5.84731388e-05, 1.02407362e-04]]), array([[7.93514461e-05, 9.94833307e-06, 5.34046212e-05],\n",
      "       [9.94833307e-06, 2.48072886e-04, 5.64852484e-05],\n",
      "       [5.34046212e-05, 5.64852484e-05, 9.98504827e-05]]), array([[7.76620971e-05, 7.13176401e-06, 5.26786858e-05],\n",
      "       [7.13176401e-06, 2.42090001e-04, 5.19284994e-05],\n",
      "       [5.26786858e-05, 5.19284994e-05, 9.71959876e-05]]), array([[8.66665290e-05, 3.40836667e-05, 6.65254646e-05],\n",
      "       [3.40836667e-05, 2.93662182e-04, 8.57313753e-05],\n",
      "       [6.65254646e-05, 8.57313753e-05, 1.14324541e-04]]), array([[8.47930416e-05, 2.41021448e-05, 6.53609426e-05],\n",
      "       [2.41021448e-05, 3.28535184e-04, 7.42069141e-05],\n",
      "       [6.53609426e-05, 7.42069141e-05, 1.11157245e-04]]), array([[8.29546131e-05, 3.43217117e-05, 6.67781189e-05],\n",
      "       [3.43217117e-05, 3.95915658e-04, 1.00266107e-04],\n",
      "       [6.67781189e-05, 1.00266107e-04, 1.17175117e-04]]), array([[8.48123312e-05, 2.07891813e-05, 6.08869298e-05],\n",
      "       [2.07891813e-05, 4.08645523e-04, 1.03820306e-04],\n",
      "       [6.08869298e-05, 1.03820306e-04, 1.14491399e-04]]), array([[8.66385749e-05, 2.16795152e-05, 5.54406322e-05],\n",
      "       [2.16795152e-05, 3.92867837e-04, 9.86740862e-05],\n",
      "       [5.54406322e-05, 9.86740862e-05, 1.11648761e-04]]), array([[8.33346422e-05, 1.86870462e-05, 5.35654605e-05],\n",
      "       [1.86870462e-05, 4.05102163e-04, 9.02236175e-05],\n",
      "       [5.35654605e-05, 9.02236175e-05, 1.07908472e-04]]), array([[8.03787169e-05, 1.64163184e-05, 5.22024176e-05],\n",
      "       [1.64163184e-05, 3.95045153e-04, 8.34686866e-05],\n",
      "       [5.22024176e-05, 8.34686866e-05, 1.05202204e-04]]), array([[8.31868713e-05, 7.86354689e-06, 5.56439867e-05],\n",
      "       [7.86354689e-06, 3.89594593e-04, 7.28809433e-05],\n",
      "       [5.56439867e-05, 7.28809433e-05, 1.06070601e-04]]), array([[8.31259977e-05, 1.71820919e-05, 5.33784707e-05],\n",
      "       [1.71820919e-05, 4.02418428e-04, 6.98484649e-05],\n",
      "       [5.33784707e-05, 6.98484649e-05, 1.01828260e-04]]), array([[8.52278862e-05, 1.18384754e-05, 5.77298575e-05],\n",
      "       [1.18384754e-05, 3.90316849e-04, 6.14890536e-05],\n",
      "       [5.77298575e-05, 6.14890536e-05, 1.05508137e-04]]), array([[1.08268447e-04, 1.04849853e-05, 6.84927049e-05],\n",
      "       [1.04849853e-05, 3.74733450e-04, 5.85945993e-05],\n",
      "       [6.84927049e-05, 5.85945993e-05, 1.07748317e-04]]), array([[1.04525831e-04, 9.54965376e-06, 6.53985861e-05],\n",
      "       [9.54965376e-06, 3.60196715e-04, 5.65617231e-05],\n",
      "       [6.53985861e-05, 5.65617231e-05, 1.03651957e-04]]), array([[1.00613671e-04, 1.67923826e-05, 6.23571635e-05],\n",
      "       [1.67923826e-05, 5.62010740e-04, 4.22335057e-05],\n",
      "       [6.23571635e-05, 4.22335057e-05, 1.00179179e-04]]), array([[9.77784500e-05, 1.82346876e-05, 6.22195882e-05],\n",
      "       [1.82346876e-05, 5.43287901e-04, 4.47331689e-05],\n",
      "       [6.22195882e-05, 4.47331689e-05, 1.00841960e-04]]), array([[9.47809117e-05, 2.15638644e-05, 6.46211041e-05],\n",
      "       [2.15638644e-05, 5.39586102e-04, 6.46684493e-05],\n",
      "       [6.46211041e-05, 6.46684493e-05, 1.22984985e-04]]), array([[9.10250850e-05, 2.11497948e-05, 6.27287341e-05],\n",
      "       [2.11497948e-05, 5.23682988e-04, 7.08523101e-05],\n",
      "       [6.27287341e-05, 7.08523101e-05, 1.31607651e-04]]), array([[8.82567688e-05, 2.44395871e-05, 5.97848284e-05],\n",
      "       [2.44395871e-05, 5.22335713e-04, 6.59578479e-05],\n",
      "       [5.97848284e-05, 6.59578479e-05, 1.26559933e-04]]), array([[8.70914663e-05, 1.38376141e-05, 5.13299096e-05],\n",
      "       [1.38376141e-05, 5.40609354e-04, 8.79954402e-05],\n",
      "       [5.13299096e-05, 8.79954402e-05, 1.37043767e-04]]), array([[8.36803027e-05, 1.28325706e-05, 4.84756290e-05],\n",
      "       [1.28325706e-05, 5.21797414e-04, 8.94652158e-05],\n",
      "       [4.84756290e-05, 8.94652158e-05, 1.40414152e-04]]), array([[8.03639198e-05, 1.32365305e-05, 4.64745564e-05],\n",
      "       [1.32365305e-05, 5.28216803e-04, 8.40405136e-05],\n",
      "       [4.64745564e-05, 8.40405136e-05, 1.34922463e-04]]), array([[8.81621074e-05, 1.54348471e-06, 4.65184112e-05],\n",
      "       [1.54348471e-06, 5.18404622e-04, 7.87499931e-05],\n",
      "       [4.65184112e-05, 7.87499931e-05, 1.29854346e-04]]), array([[1.06658575e-04, 1.00104985e-05, 4.56195866e-05],\n",
      "       [1.00104985e-05, 5.00971338e-04, 7.59725097e-05],\n",
      "       [4.56195866e-05, 7.59725097e-05, 1.24702186e-04]]), array([[1.05867803e-04, 1.05012112e-05, 4.35463152e-05],\n",
      "       [1.05012112e-05, 4.81160970e-04, 7.28698973e-05],\n",
      "       [4.35463152e-05, 7.28698973e-05, 1.19731865e-04]]), array([[1.11594443e-04, 1.05717785e-05, 4.61907256e-05],\n",
      "       [1.05717785e-05, 4.61938695e-04, 7.01711333e-05],\n",
      "       [4.61907256e-05, 7.01711333e-05, 1.16873985e-04]]), array([[1.09350846e-04, 4.43445015e-06, 4.57733678e-05],\n",
      "       [4.43445015e-06, 4.58169414e-04, 6.36829568e-05],\n",
      "       [4.57733678e-05, 6.36829568e-05, 1.13120426e-04]]), array([[1.11618360e-04, 2.84618536e-06, 5.49863227e-05],\n",
      "       [2.84618536e-06, 4.40142357e-04, 5.87895472e-05],\n",
      "       [5.49863227e-05, 5.87895472e-05, 1.26959927e-04]]), array([[1.11718645e-04, 7.58659296e-06, 6.13174715e-05],\n",
      "       [7.58659296e-06, 4.27698479e-04, 6.55090595e-05],\n",
      "       [6.13174715e-05, 6.55090595e-05, 1.37822574e-04]]), array([[1.08718810e-04, 8.89228839e-06, 6.19274459e-05],\n",
      "       [8.89228839e-06, 4.12353338e-04, 6.62437871e-05],\n",
      "       [6.19274459e-05, 6.62437871e-05, 1.38695332e-04]]), array([[1.06108446e-04, 1.44784408e-05, 5.70189596e-05],\n",
      "       [1.44784408e-05, 4.16168539e-04, 5.52835041e-05],\n",
      "       [5.70189596e-05, 5.52835041e-05, 1.36548168e-04]]), array([[1.02507332e-04, 1.48863245e-05, 5.52102251e-05],\n",
      "       [1.48863245e-05, 4.01036372e-04, 5.37964800e-05],\n",
      "       [5.52102251e-05, 5.37964800e-05, 1.31432631e-04]]), array([[1.23121560e-04, 3.91053679e-05, 6.91177969e-05],\n",
      "       [3.91053679e-05, 4.09909793e-04, 6.78257938e-05],\n",
      "       [6.91177969e-05, 6.78257938e-05, 1.36684323e-04]]), array([[1.22364406e-04, 2.72763297e-05, 6.79137907e-05],\n",
      "       [2.72763297e-05, 4.18795069e-04, 6.12688341e-05],\n",
      "       [6.79137907e-05, 6.12688341e-05, 1.31801397e-04]]), array([[1.20310889e-04, 3.01114472e-05, 7.22145204e-05],\n",
      "       [3.01114472e-05, 4.07468994e-04, 6.85155347e-05],\n",
      "       [7.22145204e-05, 6.85155347e-05, 1.43861691e-04]]), array([[1.16085053e-04, 2.44811458e-05, 7.02068590e-05],\n",
      "       [2.44811458e-05, 4.24562854e-04, 5.91284500e-05],\n",
      "       [7.02068590e-05, 5.91284500e-05, 1.39430134e-04]]), array([[1.12018125e-04, 2.48806302e-05, 6.74474407e-05],\n",
      "       [2.48806302e-05, 4.10877792e-04, 5.68801592e-05],\n",
      "       [6.74474407e-05, 5.68801592e-05, 1.33857070e-04]]), array([[1.07909002e-04, 2.63385998e-05, 6.44688511e-05],\n",
      "       [2.63385998e-05, 4.10637865e-04, 5.27519165e-05],\n",
      "       [6.44688511e-05, 5.27519165e-05, 1.28714809e-04]]), array([[1.06858406e-04, 2.35172292e-05, 6.45352639e-05],\n",
      "       [2.35172292e-05, 3.95169312e-04, 4.92099553e-05],\n",
      "       [6.45352639e-05, 4.92099553e-05, 1.25708720e-04]]), array([[1.21145669e-04, 1.16352326e-05, 6.59063712e-05],\n",
      "       [1.16352326e-05, 3.85811995e-04, 4.49117086e-05],\n",
      "       [6.59063712e-05, 4.49117086e-05, 1.21522023e-04]]), array([[1.16444925e-04, 1.10325519e-05, 6.22104508e-05],\n",
      "       [1.10325519e-05, 3.70509396e-04, 4.41178551e-05],\n",
      "       [6.22104508e-05, 4.41178551e-05, 1.24400823e-04]]), array([[1.11861520e-04, 1.06607203e-05, 6.03738314e-05],\n",
      "       [1.06607203e-05, 3.55753895e-04, 4.29618201e-05],\n",
      "       [6.03738314e-05, 4.29618201e-05, 1.25135655e-04]]), array([[1.07416796e-04, 1.01180353e-05, 5.83438311e-05],\n",
      "       [1.01180353e-05, 3.41978231e-04, 3.97384112e-05],\n",
      "       [5.83438311e-05, 3.97384112e-05, 1.25113444e-04]]), array([[1.13998105e-04, 2.65459392e-05, 6.15578954e-05],\n",
      "       [2.65459392e-05, 3.54345966e-04, 4.67335872e-05],\n",
      "       [6.15578954e-05, 4.67335872e-05, 1.22938318e-04]]), array([[1.44093074e-04, 4.84482130e-05, 8.32848406e-05],\n",
      "       [4.84482130e-05, 3.55389326e-04, 6.08932900e-05],\n",
      "       [8.32848406e-05, 6.08932900e-05, 1.34904991e-04]]), array([[1.38523618e-04, 5.00093987e-05, 8.12542722e-05],\n",
      "       [5.00093987e-05, 4.04199301e-04, 8.18878373e-05],\n",
