{
 "cells": [
  {
   "cell_type": "code",
   "execution_count": 144,
   "id": "e84c6efd",
   "metadata": {},
   "outputs": [],
   "source": [
    "import polars as pl\n",
    "import datetime as dt\n",
    "import numpy as np"
   ]
  },
  {
   "cell_type": "code",
   "execution_count": 145,
   "id": "20491e75",
   "metadata": {},
   "outputs": [],
   "source": [
    "def compute_weights(covariance, expected_returns): #This works\n",
    "    w = np.linalg.solve(covariance, expected_returns)\n",
    "    return w/np.sum(w)\n",
    "\n",
    "def weights_error(cov_est, cov_real, expected_returns): #This definitely doesn't work\n",
    "    return np.linalg.norm(compute_weights(cov_est, expected_returns) - compute_weights(cov_real, expected_returns))\n"
   ]
  },
  {
   "cell_type": "code",
   "execution_count": 147,
   "id": "c832c811",
   "metadata": {},
   "outputs": [
    {
     "name": "stdout",
     "output_type": "stream",
     "text": [
      "[array([[0.00036679, 0.00044989, 0.00019473],\n",
      "       [0.00044989, 0.00055181, 0.00023885],\n",
      "       [0.00019473, 0.00023885, 0.00010338]]), array([[0.00036289, 0.00046717, 0.00019405],\n",
      "       [0.00046717, 0.00064527, 0.00025258],\n",
      "       [0.00019405, 0.00025258, 0.00010394]]), array([[3.48849560e-04, 4.44562761e-04, 1.86400389e-04],\n",
      "       [4.44562761e-04, 6.51822934e-04, 2.41572639e-04],\n",
      "       [1.86400389e-04, 2.41572639e-04, 9.98104231e-05]]), array([[3.35157999e-04, 4.25416902e-04, 1.78250578e-04],\n",
      "       [4.25416902e-04, 6.32832956e-04, 2.35514177e-04],\n",
      "       [1.78250578e-04, 2.35514177e-04, 9.76522749e-05]]), array([[0.00034436, 0.00042572, 0.00019992],\n",
      "       [0.00042572, 0.00062079, 0.00024815],\n",
      "       [0.00019992, 0.00024815, 0.00013042]]), array([[0.00033162, 0.00041097, 0.00019433],\n",
      "       [0.00041097, 0.00060097, 0.00024355],\n",
      "       [0.00019433, 0.00024355, 0.00013084]]), array([[0.00034191, 0.00042715, 0.00022258],\n",
      "       [0.00042715, 0.00062209, 0.00028368],\n",
      "       [0.00022258, 0.00028368, 0.00018069]]), array([[0.00032896, 0.00040529, 0.00021168],\n",
      "       [0.00040529, 0.00062852, 0.00028544],\n",
      "       [0.00021168, 0.00028544, 0.00017895]]), array([[0.00032763, 0.00041717, 0.00022344],\n",
      "       [0.00041717, 0.00067015, 0.0003221 ],\n",
      "       [0.00022344, 0.0003221 , 0.0002064 ]]), array([[0.00032269, 0.00041565, 0.00022899],\n",
      "       [0.00041565, 0.00067149, 0.0003361 ],\n",
      "       [0.00022899, 0.0003361 , 0.00022383]]), array([[0.00031018, 0.00039868, 0.00022292],\n",
      "       [0.00039868, 0.00064492, 0.00032002],\n",
      "       [0.00022292, 0.00032002, 0.00023898]]), array([[0.00030025, 0.00038938, 0.00022117],\n",
      "       [0.00038938, 0.00063697, 0.00032645],\n",
      "       [0.00022117, 0.00032645, 0.00025013]]), array([[0.00029705, 0.00038401, 0.0002313 ],\n",
      "       [0.00038401, 0.00062329, 0.00033535],\n",
      "       [0.0002313 , 0.00033535, 0.00028098]]), array([[0.00028523, 0.00036897, 0.0002218 ],\n",
      "       [0.00036897, 0.00060008, 0.00032064],\n",
      "       [0.0002218 , 0.00032064, 0.00027071]]), array([[0.00027988, 0.00036336, 0.00022555],\n",
      "       [0.00036336, 0.00058988, 0.00032685],\n",
      "       [0.00022555, 0.00032685, 0.00028616]]), array([[0.00027184, 0.0003604 , 0.00022009],\n",
      "       [0.0003604 , 0.00060887, 0.0003269 ],\n",
      "       [0.00022009, 0.0003269 , 0.00027876]]), array([[0.00026386, 0.00034389, 0.0002159 ],\n",
      "       [0.00034389, 0.00058605, 0.00031048],\n",
      "       [0.0002159 , 0.00031048, 0.00027495]]), array([[0.00025629, 0.0003291 , 0.0002069 ],\n",
      "       [0.0003291 , 0.00056296, 0.00029819],\n",
      "       [0.0002069 , 0.00029819, 0.000264  ]]), array([[0.00025184, 0.00032231, 0.00020141],\n",
      "       [0.00032231, 0.00054745, 0.00028932],\n",
      "       [0.00020141, 0.00028932, 0.00025478]]), array([[0.00026446, 0.00031547, 0.00021461],\n",
      "       [0.00031547, 0.00052716, 0.00028342],\n",
      "       [0.00021461, 0.00028342, 0.0002645 ]]), array([[0.0002756 , 0.0003082 , 0.0002361 ],\n",
      "       [0.0003082 , 0.00050739, 0.00027948],\n",
      "       [0.0002361 , 0.00027948, 0.00029556]]), array([[0.0002655 , 0.0002944 , 0.00022682],\n",
      "       [0.0002944 , 0.00048945, 0.00026804],\n",
      "       [0.00022682, 0.00026804, 0.00028377]]), array([[0.00025774, 0.00028017, 0.00021769],\n",
      "       [0.00028017, 0.00047197, 0.00025737],\n",
      "       [0.00021769, 0.00025737, 0.00027242]]), array([[0.00024848, 0.00027212, 0.00021128],\n",
      "       [0.00027212, 0.00046258, 0.00025399],\n",
      "       [0.00021128, 0.00025399, 0.00026655]]), array([[0.00024097, 0.00026923, 0.00020244],\n",
      "       [0.00026923, 0.00047039, 0.00024256],\n",
      "       [0.00020244, 0.00024256, 0.00025595]]), array([[0.00023165, 0.00025712, 0.00019564],\n",
      "       [0.00025712, 0.0004573 , 0.00022735],\n",
      "       [0.00019564, 0.00022735, 0.00025099]]), array([[0.00022239, 0.00024665, 0.00018766],\n",
      "       [0.00024665, 0.00044701, 0.00022496],\n",
      "       [0.00018766, 0.00022496, 0.00024657]]), array([[0.00021544, 0.0002387 , 0.00018583],\n",
      "       [0.0002387 , 0.00043102, 0.00022156],\n",
      "       [0.00018583, 0.00022156, 0.00025323]]), array([[0.00020733, 0.00022955, 0.00017914],\n",
      "       [0.00022955, 0.00041409, 0.00021329],\n",
      "       [0.00017914, 0.00021329, 0.00024421]]), array([[0.00020198, 0.00022741, 0.00017562],\n",
      "       [0.00022741, 0.00041437, 0.00021346],\n",
      "       [0.00017562, 0.00021346, 0.00023895]]), array([[0.00019582, 0.0002178 , 0.00016913],\n",
      "       [0.0002178 , 0.00039794, 0.00020478],\n",
      "       [0.00016913, 0.00020478, 0.00022954]]), array([[0.00018804, 0.000209  , 0.0001623 ],\n",
      "       [0.000209  , 0.00038213, 0.00019667],\n",
      "       [0.0001623 , 0.00019667, 0.00022042]]), array([[0.00018069, 0.00020097, 0.00015674],\n",
      "       [0.00020097, 0.0003675 , 0.00019063],\n",
      "       [0.00015674, 0.00019063, 0.00021672]]), array([[0.0001738 , 0.00019246, 0.00014988],\n",
      "       [0.00019246, 0.00035347, 0.00018384],\n",
      "       [0.00014988, 0.00018384, 0.00020908]]), array([[0.00017141, 0.00019357, 0.00015574],\n",
      "       [0.00019357, 0.00035638, 0.00019941],\n",
      "       [0.00015574, 0.00019941, 0.00023156]]), array([[0.00016478, 0.00018736, 0.00014882],\n",
      "       [0.00018736, 0.00035238, 0.00018677],\n",
      "       [0.00014882, 0.00018677, 0.00022442]]), array([[0.0001596 , 0.00017888, 0.00014439],\n",
      "       [0.00017888, 0.00033897, 0.00017823],\n",
      "       [0.00014439, 0.00017823, 0.00021709]]), array([[0.00015553, 0.00017448, 0.00014054],\n",
      "       [0.00017448, 0.0003287 , 0.00017341],\n",
      "       [0.00014054, 0.00017341, 0.00021002]]), array([[0.00014943, 0.00016742, 0.00013446],\n",
      "       [0.00016742, 0.0003156 , 0.00016677],\n",
      "       [0.00013446, 0.00016677, 0.00020334]]), array([[0.00014468, 0.00016519, 0.00013042],\n",
      "       [0.00016519, 0.00031934, 0.00016501],\n",
      "       [0.00013042, 0.00016501, 0.00019668]]), array([[0.00014076, 0.00015723, 0.00012586],\n",
      "       [0.00015723, 0.00030754, 0.00015794],\n",
      "       [0.00012586, 0.00015794, 0.00018904]]), array([[0.00013622, 0.00014751, 0.00012124],\n",
      "       [0.00014751, 0.00030608, 0.00015032],\n",
      "       [0.00012124, 0.00015032, 0.00018164]]), array([[0.000131  , 0.00014075, 0.00011707],\n",
      "       [0.00014075, 0.00029714, 0.00014168],\n",
      "       [0.00011707, 0.00014168, 0.00017645]]), array([[0.00012866, 0.00013736, 0.00011509],\n",
      "       [0.00013736, 0.00028699, 0.0001381 ],\n",
      "       [0.00011509, 0.0001381 , 0.0001719 ]]), array([[0.00012574, 0.00013351, 0.00011349],\n",
      "       [0.00013351, 0.00027672, 0.00013479],\n",
      "       [0.00011349, 0.00013479, 0.00016907]]), array([[0.00012411, 0.00012217, 0.00011236],\n",
      "       [0.00012217, 0.00027621, 0.0001234 ],\n",
      "       [0.00011236, 0.0001234 , 0.00016572]]), array([[0.00011933, 0.00011811, 0.00010628],\n",
      "       [0.00011811, 0.00026881, 0.00011144],\n",
      "       [0.00010628, 0.00011144, 0.00017258]]), array([[0.00011477, 0.00011321, 0.00010242],\n",
      "       [0.00011321, 0.00025821, 0.00010665],\n",
      "       [0.00010242, 0.00010665, 0.00016642]]), array([[1.11664894e-04, 1.07837263e-04, 9.94807889e-05],\n",
      "       [1.07837263e-04, 2.48362402e-04, 1.01728109e-04],\n",
      "       [9.94807889e-05, 1.01728109e-04, 1.60659538e-04]]), array([[1.10853195e-04, 1.08474822e-04, 9.93955108e-05],\n",
      "       [1.08474822e-04, 2.45134768e-04, 1.02933868e-04],\n",
      "       [9.93955108e-05, 1.02933868e-04, 1.58381802e-04]]), array([[1.06439969e-04, 1.04098259e-04, 9.56680456e-05],\n",
      "       [1.04098259e-04, 2.35396907e-04, 9.83701038e-05],\n",
      "       [9.56680456e-05, 9.83701038e-05, 1.54997517e-04]]), array([[1.03300536e-04, 1.01198132e-04, 9.41773395e-05],\n",
      "       [1.01198132e-04, 2.27409441e-04, 9.70755749e-05],\n",
      "       [9.41773395e-05, 9.70755749e-05, 1.53677904e-04]]), array([[9.92932944e-05, 9.64947669e-05, 9.09988412e-05],\n",
      "       [9.64947669e-05, 2.21755933e-04, 9.01008018e-05],\n",
      "       [9.09988412e-05, 9.01008018e-05, 1.50307227e-04]]), array([[9.53228061e-05, 9.26922499e-05, 8.73732616e-05],\n",
      "       [9.26922499e-05, 2.15523680e-04, 8.71588283e-05],\n",
      "       [8.73732616e-05, 8.71588283e-05, 1.44461096e-04]]), array([[9.33471805e-05, 8.94164705e-05, 8.50093798e-05],\n",
      "       [8.94164705e-05, 2.07004267e-04, 8.39383629e-05],\n",
      "       [8.50093798e-05, 8.39383629e-05, 1.39378935e-04]]), array([[9.00589426e-05, 8.56151420e-05, 8.27930292e-05],\n",
      "       [8.56151420e-05, 1.98837361e-04, 7.99839142e-05],\n",
      "       [8.27930292e-05, 7.99839142e-05, 1.36949556e-04]]), array([[8.64647289e-05, 8.18253480e-05, 7.94009521e-05],\n",
      "       [8.18253480e-05, 2.07259454e-04, 8.03878384e-05],\n",
      "       [7.94009521e-05, 8.03878384e-05, 1.32264439e-04]]), array([[8.48783322e-05, 8.79620749e-05, 7.93868820e-05],\n",
      "       [8.79620749e-05, 2.46262943e-04, 9.30645475e-05],\n",
      "       [7.93868820e-05, 9.30645475e-05, 1.32314147e-04]]), array([[8.15005334e-05, 8.43424132e-05, 7.62305595e-05],\n",
      "       [8.43424132e-05, 2.37002990e-04, 8.92301737e-05],\n",
      "       [7.62305595e-05, 8.92301737e-05, 1.27042743e-04]]), array([[7.83025815e-05, 8.12359469e-05, 7.35012042e-05],\n",
      "       [8.12359469e-05, 2.28673388e-04, 8.70381039e-05],\n",
      "       [7.35012042e-05, 8.70381039e-05, 1.23609428e-04]]), array([[7.55105281e-05, 7.66373823e-05, 7.10124788e-05],\n",
      "       [7.66373823e-05, 2.24879027e-04, 8.17659853e-05],\n",
      "       [7.10124788e-05, 8.17659853e-05, 1.19264058e-04]]), array([[7.24901590e-05, 7.35533334e-05, 6.81561148e-05],\n",
      "       [7.35533334e-05, 2.22501643e-04, 8.41540470e-05],\n",
      "       [6.81561148e-05, 8.41540470e-05, 1.19332114e-04]]), array([[7.41697108e-05, 6.90552939e-05, 6.77129104e-05],\n",
      "       [6.90552939e-05, 2.14130243e-04, 8.00121539e-05],\n",
      "       [6.77129104e-05, 8.00121539e-05, 1.15697090e-04]]), array([[7.45326322e-05, 6.76114430e-05, 6.82227091e-05],\n",
      "       [6.76114430e-05, 2.06087023e-04, 7.80859231e-05],\n",
      "       [6.82227091e-05, 7.80859231e-05, 1.14179853e-04]]), array([[7.49751599e-05, 6.90430210e-05, 6.85625885e-05],\n",
      "       [6.90430210e-05, 2.02839928e-04, 7.86696224e-05],\n",
      "       [6.85625885e-05, 7.86696224e-05, 1.12363219e-04]]), array([[7.19845828e-05, 6.62735831e-05, 6.60091330e-05],\n",
      "       [6.62735831e-05, 1.94733396e-04, 7.53497660e-05],\n",
      "       [6.60091330e-05, 7.53497660e-05, 1.12108525e-04]]), array([[7.18564518e-05, 6.31819866e-05, 6.11343999e-05],\n",
      "       [6.31819866e-05, 1.87014637e-04, 7.26936419e-05],\n",
      "       [6.11343999e-05, 7.26936419e-05, 1.09438775e-04]]), array([[6.93890162e-05, 6.28886544e-05, 5.85529714e-05],\n",
      "       [6.28886544e-05, 1.91801123e-04, 6.90388033e-05],\n",
      "       [5.85529714e-05, 6.90388033e-05, 1.05106724e-04]]), array([[6.67150560e-05, 6.11635947e-05, 5.66532638e-05],\n",
      "       [6.11635947e-05, 1.90279335e-04, 6.97193631e-05],\n",
      "       [5.66532638e-05, 6.97193631e-05, 1.02828900e-04]]), array([[6.54034012e-05, 6.57778503e-05, 5.31462513e-05],\n",
      "       [6.57778503e-05, 2.19408634e-04, 6.04737290e-05],\n",
      "       [5.31462513e-05, 6.04737290e-05, 9.98504884e-05]]), array([[6.28636093e-05, 6.33196293e-05, 5.05458190e-05],\n",
      "       [6.33196293e-05, 2.11023831e-04, 5.69800160e-05],\n",
      "       [5.05458190e-05, 5.69800160e-05, 9.88066388e-05]]), array([[6.03771240e-05, 6.15106917e-05, 4.84486680e-05],\n",
      "       [6.15106917e-05, 2.21256183e-04, 5.27578083e-05],\n",
      "       [4.84486680e-05, 5.27578083e-05, 9.50565483e-05]]), array([[5.90591430e-05, 5.98260607e-05, 4.68424043e-05],\n",
      "       [5.98260607e-05, 2.12954526e-04, 5.08820395e-05],\n",
      "       [4.68424043e-05, 5.08820395e-05, 9.13545628e-05]]), array([[5.67948086e-05, 5.87149022e-05, 4.55700289e-05],\n",
      "       [5.87149022e-05, 2.21198609e-04, 5.67097916e-05],\n",
      "       [4.55700289e-05, 5.67097916e-05, 9.13888617e-05]]), array([[5.45282647e-05, 5.60166628e-05, 4.37649749e-05],\n",
      "       [5.60166628e-05, 2.35643032e-04, 5.32591249e-05],\n",
      "       [4.37649749e-05, 5.32591249e-05, 8.77933172e-05]]), array([[5.30736841e-05, 5.06613571e-05, 4.31795812e-05],\n",
      "       [5.06613571e-05, 2.39569424e-04, 4.61336536e-05],\n",
      "       [4.31795812e-05, 4.61336536e-05, 8.61502839e-05]]), array([[5.50387331e-05, 6.49539843e-05, 4.67603591e-05],\n",
      "       [6.49539843e-05, 2.95131620e-04, 6.54774281e-05],\n",
      "       [4.67603591e-05, 6.54774281e-05, 8.95962676e-05]]), array([[5.29154193e-05, 6.25441393e-05, 4.50529269e-05],\n",
      "       [6.25441393e-05, 2.83779632e-04, 6.32506326e-05],\n",
      "       [4.50529269e-05, 6.32506326e-05, 8.63519457e-05]]), array([[5.14359295e-05, 5.90548423e-05, 4.44173306e-05],\n",
      "       [5.90548423e-05, 2.73959097e-04, 5.89125282e-05],\n",
      "       [4.44173306e-05, 5.89125282e-05, 8.50336598e-05]]), array([[4.94323180e-05, 5.63707727e-05, 4.24964060e-05],\n",
      "       [5.63707727e-05, 2.64925541e-04, 5.74185263e-05],\n",
      "       [4.24964060e-05, 5.74185263e-05, 8.20187961e-05]]), array([[4.88977363e-05, 5.62666113e-05, 4.22581674e-05],\n",
      "       [5.62666113e-05, 2.57534553e-04, 5.73006393e-05],\n",
      "       [4.22581674e-05, 5.73006393e-05, 8.02188164e-05]]), array([[4.70075944e-05, 5.32457563e-05, 4.03425489e-05],\n",
      "       [5.32457563e-05, 2.56252714e-04, 5.76469600e-05],\n",
      "       [4.03425489e-05, 5.76469600e-05, 7.77818180e-05]]), array([[4.51293752e-05, 5.09643225e-05, 3.86074349e-05],\n",
      "       [5.09643225e-05, 2.57028355e-04, 6.41710784e-05],\n",
      "       [3.86074349e-05, 6.41710784e-05, 8.17420681e-05]]), array([[4.76587275e-05, 4.46053722e-05, 3.85628940e-05],\n",
      "       [4.46053722e-05, 2.51053495e-04, 6.01093747e-05],\n",
      "       [3.85628940e-05, 6.01093747e-05, 7.89913046e-05]]), array([[4.85957317e-05, 5.01252623e-05, 3.77058081e-05],\n",
      "       [5.01252623e-05, 2.59774395e-04, 5.94657558e-05],\n",
      "       [3.77058081e-05, 5.94657558e-05, 7.59968848e-05]]), array([[4.77299154e-05, 4.57696720e-05, 3.52945482e-05],\n",
      "       [4.57696720e-05, 2.54508799e-04, 5.90561541e-05],\n",
      "       [3.52945482e-05, 5.90561541e-05, 7.37134555e-05]]), array([[4.72595535e-05, 4.60826337e-05, 3.43643148e-05],\n",
      "       [4.60826337e-05, 2.47522461e-04, 5.74113767e-05],\n",
      "       [3.43643148e-05, 5.74113767e-05, 7.09260817e-05]]), array([[5.06399522e-05, 5.08069134e-05, 4.23515919e-05],\n",
      "       [5.08069134e-05, 2.45805012e-04, 6.67801274e-05],\n",
      "       [4.23515919e-05, 6.67801274e-05, 8.47173581e-05]]), array([[4.86898850e-05, 4.83685671e-05, 4.09723224e-05],\n",
      "       [4.83685671e-05, 2.38155929e-04, 6.24165224e-05],\n",
      "       [4.09723224e-05, 6.24165224e-05, 8.26406491e-05]]), array([[4.73061220e-05, 4.60669279e-05, 3.82554598e-05],\n",
      "       [4.60669279e-05, 2.28868438e-04, 6.06213170e-05],\n",
      "       [3.82554598e-05, 6.06213170e-05, 8.13959525e-05]]), array([[4.61411923e-05, 4.42725007e-05, 3.48788074e-05],\n",
      "       [4.42725007e-05, 2.19716902e-04, 5.80739723e-05],\n",
      "       [3.48788074e-05, 5.80739723e-05, 8.28276536e-05]]), array([[4.76824682e-05, 4.39087616e-05, 3.68586795e-05],\n",
      "       [4.39087616e-05, 2.11512857e-04, 5.71532306e-05],\n",
      "       [3.68586795e-05, 5.71532306e-05, 8.28777145e-05]]), array([[4.58731246e-05, 4.38366744e-05, 3.55492611e-05],\n",
      "       [4.38366744e-05, 2.32011959e-04, 5.77029258e-05],\n",
      "       [3.55492611e-05, 5.77029258e-05, 7.98402995e-05]]), array([[4.52024389e-05, 3.32720192e-05, 3.36226795e-05],\n",
      "       [3.32720192e-05, 2.89416257e-04, 5.92138036e-05],\n",
      "       [3.36226795e-05, 5.92138036e-05, 7.68653989e-05]]), array([[4.34920260e-05, 3.16733658e-05, 3.23586478e-05],\n",
      "       [3.16733658e-05, 2.78573624e-04, 5.66235561e-05],\n",
      "       [3.23586478e-05, 5.66235561e-05, 7.38577417e-05]]), array([[4.27594685e-05, 3.71189341e-05, 3.28932127e-05],\n",
      "       [3.71189341e-05, 3.12169671e-04, 6.65483481e-05],\n",
      "       [3.28932127e-05, 6.65483481e-05, 7.42246875e-05]]), array([[4.25974198e-05, 3.38643908e-05, 3.29314723e-05],\n",
      "       [3.38643908e-05, 3.01705801e-04, 6.23387666e-05],\n",
      "       [3.29314723e-05, 6.23387666e-05, 7.24397395e-05]]), array([[4.12924600e-05, 3.14388037e-05, 3.14643455e-05],\n",
      "       [3.14388037e-05, 2.92512874e-04, 6.02475609e-05],\n",
      "       [3.14643455e-05, 6.02475609e-05, 6.95984505e-05]]), array([[4.37000884e-05, 2.78371199e-05, 3.43868440e-05],\n",
      "       [2.78371199e-05, 2.82166020e-04, 5.54232227e-05],\n",
      "       [3.43868440e-05, 5.54232227e-05, 7.11209817e-05]]), array([[4.25390321e-05, 3.04198885e-05, 3.31892823e-05],\n",
      "       [3.04198885e-05, 2.94156239e-04, 5.43266805e-05],\n",
      "       [3.31892823e-05, 5.43266805e-05, 6.83300701e-05]]), array([[4.47196317e-05, 3.79486478e-05, 3.01867350e-05],\n",
      "       [3.79486478e-05, 3.02091576e-04, 4.83803036e-05],\n",
      "       [3.01867350e-05, 4.83803036e-05, 6.63195434e-05]]), array([[4.32715278e-05, 3.83955980e-05, 3.03806428e-05],\n",
      "       [3.83955980e-05, 3.01340545e-04, 5.45276016e-05],\n",
      "       [3.03806428e-05, 5.45276016e-05, 6.94312627e-05]]), array([[4.20791653e-05, 3.72110734e-05, 2.93881779e-05],\n",
      "       [3.72110734e-05, 2.89516100e-04, 5.24918196e-05],\n",
      "       [2.93881779e-05, 5.24918196e-05, 6.67461616e-05]]), array([[4.03969932e-05, 3.56590593e-05, 2.81838444e-05],\n",
      "       [3.56590593e-05, 2.81999312e-04, 5.22336224e-05],\n",
      "       [2.81838444e-05, 5.22336224e-05, 6.49107524e-05]]), array([[3.87813887e-05, 3.42244394e-05, 2.70473964e-05],\n",
      "       [3.42244394e-05, 2.70967013e-04, 5.04170489e-05],\n",
      "       [2.70473964e-05, 5.04170489e-05, 6.26147343e-05]]), array([[4.47759601e-05, 3.52921250e-05, 2.77180973e-05],\n",
      "       [3.52921250e-05, 2.60915169e-04, 4.89663073e-05],\n",
      "       [2.77180973e-05, 4.89663073e-05, 6.05172038e-05]]), array([[4.47247045e-05, 3.11283818e-05, 2.76888724e-05],\n",
      "       [3.11283818e-05, 2.54831878e-04, 4.53000602e-05],\n",
      "       [2.76888724e-05, 4.53000602e-05, 5.87663223e-05]]), array([[4.39446706e-05, 2.70243356e-05, 2.62334326e-05],\n",
      "       [2.70243356e-05, 2.52739438e-04, 4.44738034e-05],\n",
      "       [2.62334326e-05, 4.44738034e-05, 5.65356193e-05]]), array([[4.21993286e-05, 2.57456753e-05, 2.54997019e-05],\n",
      "       [2.57456753e-05, 2.45770110e-04, 3.76814480e-05],\n",
      "       [2.54997019e-05, 3.76814480e-05, 6.22780839e-05]]), array([[4.67342542e-05, 2.66649418e-05, 3.63143322e-05],\n",
      "       [2.66649418e-05, 2.36549787e-04, 3.98809479e-05],\n",
      "       [3.63143322e-05, 3.98809479e-05, 8.22938662e-05]]), array([[4.48649256e-05, 2.55733869e-05, 3.48533187e-05],\n",
      "       [2.55733869e-05, 2.42045788e-04, 4.33443318e-05],\n",
      "       [3.48533187e-05, 4.33443318e-05, 8.07128795e-05]]), array([[4.88993556e-05, 3.59072574e-05, 4.13432560e-05],\n",
      "       [3.59072574e-05, 2.54490642e-04, 5.69712448e-05],\n",
      "       [4.13432560e-05, 5.69712448e-05, 8.81479899e-05]]), array([[5.57971658e-05, 2.98356599e-05, 4.51919487e-05],\n",
      "       [2.98356599e-05, 2.46737783e-04, 5.18116584e-05],\n",
      "       [4.51919487e-05, 5.18116584e-05, 8.80416994e-05]]), array([[5.35654177e-05, 2.86510554e-05, 4.33789309e-05],\n",
      "       [2.86510554e-05, 2.37429849e-04, 4.93992705e-05],\n",
      "       [4.33789309e-05, 4.93992705e-05, 8.47257854e-05]]), array([[5.96262830e-05, 3.44148805e-05, 4.61738462e-05],\n",
      "       [3.44148805e-05, 2.33752899e-04, 5.12390209e-05],\n",
      "       [4.61738462e-05, 5.12390209e-05, 8.38383206e-05]]), array([[6.30969602e-05, 2.49828705e-05, 4.58110167e-05],\n",
      "       [2.49828705e-05, 2.35484189e-04, 4.71478290e-05],\n",
      "       [4.58110167e-05, 4.71478290e-05, 8.08609366e-05]]), array([[6.63042615e-05, 3.24002370e-05, 5.18757724e-05],\n",
      "       [3.24002370e-05, 2.38425370e-04, 5.68595604e-05],\n",
      "       [5.18757724e-05, 5.68595604e-05, 8.85083270e-05]]), array([[7.39366199e-05, 4.01903234e-05, 5.38752615e-05],\n",
      "       [4.01903234e-05, 2.36915669e-04, 5.81849034e-05],\n",
      "       [5.38752615e-05, 5.81849034e-05, 8.65822354e-05]]), array([[7.11046560e-05, 3.57673969e-05, 5.14843532e-05],\n",
      "       [3.57673969e-05, 2.90593864e-04, 6.11493112e-05],\n",
      "       [5.14843532e-05, 6.11493112e-05, 8.35623514e-05]]), array([[7.01179953e-05, 3.77856059e-05, 5.20705306e-05],\n",
      "       [3.77856059e-05, 2.85373760e-04, 6.36153872e-05],\n",
      "       [5.20705306e-05, 6.36153872e-05, 8.39877425e-05]]), array([[6.77669872e-05, 3.97258996e-05, 5.09005081e-05],\n",
      "       [3.97258996e-05, 3.00218562e-04, 6.80151019e-05],\n",
      "       [5.09005081e-05, 6.80151019e-05, 8.24646447e-05]]), array([[6.52017914e-05, 3.85849845e-05, 4.94269691e-05],\n",
      "       [3.85849845e-05, 2.89590127e-04, 6.70270601e-05],\n",
      "       [4.94269691e-05, 6.70270601e-05, 8.13407710e-05]]), array([[6.29630508e-05, 3.52733155e-05, 4.76720084e-05],\n",
      "       [3.52733155e-05, 2.86472580e-04, 6.32825291e-05],\n",
      "       [4.76720084e-05, 6.32825291e-05, 7.82207233e-05]]), array([[6.10145258e-05, 3.65113401e-05, 4.68692418e-05],\n",
      "       [3.65113401e-05, 2.87324221e-04, 6.58823947e-05],\n",
      "       [4.68692418e-05, 6.58823947e-05, 7.72306198e-05]]), array([[6.60922619e-05, 4.22394531e-05, 4.91682355e-05],\n",
      "       [4.22394531e-05, 2.82704531e-04, 6.72378026e-05],\n",
      "       [4.91682355e-05, 6.72378026e-05, 7.64584429e-05]]), array([[6.90305186e-05, 3.26716934e-05, 5.00423447e-05],\n",
      "       [3.26716934e-05, 2.82515363e-04, 6.05388217e-05],\n",
      "       [5.00423447e-05, 6.05388217e-05, 7.48459025e-05]]), array([[7.37167689e-05, 3.49175901e-05, 5.33772086e-05],\n",
      "       [3.49175901e-05, 2.72909570e-04, 6.06630367e-05],\n",
      "       [5.33772086e-05, 6.06630367e-05, 7.56760285e-05]]), array([[7.18418743e-05, 3.76142298e-05, 4.91884891e-05],\n",
      "       [3.76142298e-05, 2.77597425e-04, 5.04078660e-05],\n",
      "       [4.91884891e-05, 5.04078660e-05, 7.65766222e-05]]), array([[7.06074212e-05, 3.33365635e-05, 4.83586522e-05],\n",
      "       [3.33365635e-05, 2.71184820e-04, 4.64668822e-05],\n",
      "       [4.83586522e-05, 4.64668822e-05, 7.43031803e-05]]), array([[7.12265017e-05, 2.68421874e-05, 4.38715642e-05],\n",
      "       [2.68421874e-05, 2.68072574e-04, 4.84342415e-05],\n",
      "       [4.38715642e-05, 4.84342415e-05, 7.32235240e-05]]), array([[7.02948138e-05, 2.22200183e-05, 4.25336787e-05],\n",
      "       [2.22200183e-05, 2.63916848e-04, 4.57251720e-05],\n",
      "       [4.25336787e-05, 4.57251720e-05, 7.03852644e-05]]), array([[6.76631321e-05, 2.23709620e-05, 4.16595683e-05],\n",
      "       [2.23709620e-05, 2.59362412e-04, 4.86716384e-05],\n",
      "       [4.16595683e-05, 4.86716384e-05, 7.13692938e-05]]), array([[6.50543439e-05, 2.22371820e-05, 3.97559327e-05],\n",
      "       [2.22371820e-05, 2.54914125e-04, 4.48773331e-05],\n",
      "       [3.97559327e-05, 4.48773331e-05, 6.90904440e-05]]), array([[6.66676116e-05, 1.39985796e-05, 3.99333103e-05],\n",
      "       [1.39985796e-05, 2.57529858e-04, 4.00006159e-05],\n",
      "       [3.99333103e-05, 4.00006159e-05, 6.70680208e-05]]), array([[6.42428810e-05, 1.08534008e-05, 3.93400502e-05],\n",
      "       [1.08534008e-05, 2.74849172e-04, 2.76731408e-05],\n",
      "       [3.93400502e-05, 2.76731408e-05, 6.85517039e-05]]), array([[6.36122580e-05, 1.11367393e-05, 3.87627983e-05],\n",
      "       [1.11367393e-05, 2.64120674e-04, 2.69348701e-05],\n",
      "       [3.87627983e-05, 2.69348701e-05, 6.63215833e-05]]), array([[6.63644988e-05, 1.33328033e-05, 3.72230948e-05],\n",
      "       [1.33328033e-05, 2.54873207e-04, 2.58628655e-05],\n",
      "       [3.72230948e-05, 2.58628655e-05, 6.36687421e-05]]), array([[6.62410757e-05, 1.69884363e-05, 3.36428734e-05],\n",
      "       [1.69884363e-05, 2.51610785e-04, 2.13673520e-05],\n",
      "       [3.36428734e-05, 2.13673520e-05, 6.28498686e-05]]), array([[6.43427514e-05, 1.61472197e-05, 3.12867910e-05],\n",
      "       [1.61472197e-05, 2.41581146e-04, 2.07300827e-05],\n",
      "       [3.12867910e-05, 2.07300827e-05, 6.16946080e-05]]), array([[6.23477482e-05, 1.52023222e-05, 2.86993108e-05],\n",
      "       [1.52023222e-05, 2.32072393e-04, 2.05911741e-05],\n",
      "       [2.86993108e-05, 2.05911741e-05, 6.23111463e-05]]), array([[ 6.90978240e-05, -1.13846784e-06,  2.02465115e-05],\n",
      "       [-1.13846784e-06,  2.49565584e-04,  3.21998946e-05],\n",
      "       [ 2.02465115e-05,  3.21998946e-05,  6.55911558e-05]]), array([[ 7.11811102e-05, -6.05215539e-06,  2.38096026e-05],\n",
      "       [-6.05215539e-06,  2.44656803e-04,  2.64378809e-05],\n",
      "       [ 2.38096026e-05,  2.64378809e-05,  6.69126137e-05]]), array([[ 6.94024393e-05, -4.41134223e-06,  2.52176093e-05],\n",
      "       [-4.41134223e-06,  2.36701418e-04,  2.84700383e-05],\n",
      "       [ 2.52176093e-05,  2.84700383e-05,  6.94500181e-05]]), array([[ 6.68604931e-05, -4.41107422e-06,  2.39451545e-05],\n",
      "       [-4.41107422e-06,  2.27365931e-04,  2.75296940e-05],\n",
      "       [ 2.39451545e-05,  2.75296940e-05,  6.69691083e-05]]), array([[ 6.53217403e-05, -5.54544116e-06,  2.15981590e-05],\n",
      "       [-5.54544116e-06,  2.19784257e-04,  2.80319370e-05],\n",
      "       [ 2.15981590e-05,  2.80319370e-05,  6.59896513e-05]]), array([[ 6.64941005e-05, -5.55916767e-06,  2.45917969e-05],\n",
      "       [-5.55916767e-06,  2.11007544e-04,  2.66706142e-05],\n",
      "       [ 2.45917969e-05,  2.66706142e-05,  6.72813462e-05]]), array([[ 6.40356854e-05, -4.61622590e-06,  2.36798393e-05],\n",
      "       [-4.61622590e-06,  2.05145991e-04,  2.58604362e-05],\n",
      "       [ 2.36798393e-05,  2.58604362e-05,  6.46156347e-05]]), array([[ 6.33243536e-05, -6.96142734e-06,  2.32032109e-05],\n",
      "       [-6.96142734e-06,  2.00399509e-04,  2.41825603e-05],\n",
      "       [ 2.32032109e-05,  2.41825603e-05,  6.21506959e-05]]), array([[ 6.07914016e-05, -6.68700289e-06,  2.22648836e-05],\n",
      "       [-6.68700289e-06,  1.93119759e-04,  2.50772343e-05],\n",
      "       [ 2.22648836e-05,  2.50772343e-05,  6.43737352e-05]]), array([[6.64649182e-05, 3.77673366e-06, 3.03269866e-05],\n",
      "       [3.77673366e-06, 1.98221795e-04, 3.53365832e-05],\n",
      "       [3.03269866e-05, 3.53365832e-05, 7.16876320e-05]]), array([[6.38340028e-05, 3.54923224e-06, 2.91468479e-05],\n",
      "       [3.54923224e-06, 1.90503963e-04, 3.38321657e-05],\n",
      "       [2.91468479e-05, 3.38321657e-05, 6.88593262e-05]]), array([[6.28296041e-05, 2.09310861e-06, 3.07381347e-05],\n",
      "       [2.09310861e-06, 1.83998746e-04, 3.01396764e-05],\n",
      "       [3.07381347e-05, 3.01396764e-05, 7.10127158e-05]]), array([[6.48190033e-05, 3.28215462e-06, 3.62800659e-05],\n",
      "       [3.28215462e-06, 1.76998577e-04, 3.08482148e-05],\n",
      "       [3.62800659e-05, 3.08482148e-05, 7.83558333e-05]]), array([[6.24857612e-05, 2.58083463e-06, 3.46468520e-05],\n",
      "       [2.58083463e-06, 1.71170719e-04, 3.00140757e-05],\n",
      "       [3.46468520e-05, 3.00140757e-05, 7.53492524e-05]]), array([[6.77697443e-05, 1.00469825e-05, 3.45072085e-05],\n",
      "       [1.00469825e-05, 1.71685125e-04, 3.00254738e-05],\n",
      "       [3.45072085e-05, 3.00254738e-05, 7.25348208e-05]]), array([[7.37267165e-05, 1.55859463e-05, 4.03636262e-05],\n",
      "       [1.55859463e-05, 1.68889545e-04, 3.37844590e-05],\n",
      "       [4.03636262e-05, 3.37844590e-05, 7.56753469e-05]]), array([[7.10394662e-05, 1.24952468e-05, 3.74955051e-05],\n",
      "       [1.24952468e-05, 1.85384362e-04, 4.42462353e-05],\n",
      "       [3.74955051e-05, 4.42462353e-05, 7.86504076e-05]]), array([[ 7.22809686e-05, -7.00363933e-06,  3.59428290e-05],\n",
      "       [-7.00363933e-06,  2.66374017e-04,  4.27223306e-05],\n",
      "       [ 3.59428290e-05,  4.27223306e-05,  7.55050755e-05]]), array([[ 7.06724609e-05, -4.64605986e-06,  3.65072043e-05],\n",
      "       [-4.64605986e-06,  2.59083543e-04,  4.42558990e-05],\n",
      "       [ 3.65072043e-05,  4.42558990e-05,  7.56097348e-05]]), array([[8.40187534e-05, 2.64009721e-06, 5.82107276e-05],\n",
      "       [2.64009721e-06, 2.51837364e-04, 5.26549829e-05],\n",
      "       [5.82107276e-05, 5.26549829e-05, 1.05761369e-04]]), array([[8.12105565e-05, 6.07349791e-06, 5.75601080e-05],\n",
      "       [6.07349791e-06, 2.64430563e-04, 6.12948544e-05],\n",
      "       [5.75601080e-05, 6.12948544e-05, 1.06625528e-04]]), array([[8.23119324e-05, 1.02839115e-05, 5.49784934e-05],\n",
      "       [1.02839115e-05, 2.58412715e-04, 5.85572028e-05],\n",
      "       [5.49784934e-05, 5.85572028e-05, 1.02378429e-04]]), array([[7.93351044e-05, 1.00340354e-05, 5.34741992e-05],\n",
      "       [1.00340354e-05, 2.48158817e-04, 5.65703848e-05],\n",
      "       [5.34741992e-05, 5.65703848e-05, 9.98128701e-05]]), array([[7.76595079e-05, 7.21471410e-06, 5.27463803e-05],\n",
      "       [7.21471410e-06, 2.42135856e-04, 5.20295053e-05],\n",
      "       [5.27463803e-05, 5.20295053e-05, 9.71498595e-05]]), array([[8.66939219e-05, 3.42201477e-05, 6.65900768e-05],\n",
      "       [3.42201477e-05, 2.93810793e-04, 8.58139023e-05],\n",
      "       [6.65900768e-05, 8.58139023e-05, 1.14227552e-04]]), array([[8.48275950e-05, 2.42203504e-05, 6.54177626e-05],\n",
      "       [2.42203504e-05, 3.28575543e-04, 7.43439664e-05],\n",
      "       [6.54177626e-05, 7.43439664e-05, 1.11047173e-04]]), array([[8.29788840e-05, 3.43891316e-05, 6.68292396e-05],\n",
      "       [3.43891316e-05, 3.95752778e-04, 1.00420020e-04],\n",
      "       [6.68292396e-05, 1.00420020e-04, 1.17111871e-04]]), array([[8.48477014e-05, 2.08679756e-05, 6.09188395e-05],\n",
      "       [2.08679756e-05, 4.08356774e-04, 1.03981917e-04],\n",
      "       [6.09188395e-05, 1.03981917e-04, 1.14447388e-04]]), array([[8.66541369e-05, 2.17189643e-05, 5.54903018e-05],\n",
      "       [2.17189643e-05, 3.92568930e-04, 9.88528441e-05],\n",
      "       [5.54903018e-05, 9.88528441e-05, 1.11590681e-04]]), array([[8.33537243e-05, 1.87054126e-05, 5.36151162e-05],\n",
      "       [1.87054126e-05, 4.04619150e-04, 9.04419553e-05],\n",
      "       [5.36151162e-05, 9.04419553e-05, 1.07842755e-04]]), array([[8.03890159e-05, 1.64405722e-05, 5.22446909e-05],\n",
      "       [1.64405722e-05, 3.94660414e-04, 8.36461230e-05],\n",
      "       [5.22446909e-05, 8.36461230e-05, 1.05151373e-04]]), array([[8.31653723e-05, 7.87389439e-06, 5.56820286e-05],\n",
      "       [7.87389439e-06, 3.89313586e-04, 7.30047269e-05],\n",
      "       [5.56820286e-05, 7.30047269e-05, 1.06043706e-04]]), array([[8.31271014e-05, 1.72478104e-05, 5.34039842e-05],\n",
      "       [1.72478104e-05, 4.02288614e-04, 6.99349674e-05],\n",
      "       [5.34039842e-05, 6.99349674e-05, 1.01802741e-04]]), array([[8.52485602e-05, 1.19287575e-05, 5.77473674e-05],\n",
      "       [1.19287575e-05, 3.90131481e-04, 6.16304582e-05],\n",
      "       [5.77473674e-05, 6.16304582e-05, 1.05439094e-04]]), array([[1.08314311e-04, 1.06433582e-05, 6.84634182e-05],\n",
      "       [1.06433582e-05, 3.74550896e-04, 5.87675843e-05],\n",
      "       [6.84634182e-05, 5.87675843e-05, 1.07630249e-04]]), array([[1.04571967e-04, 9.71278903e-06, 6.53618069e-05],\n",
      "       [9.71278903e-06, 3.60000656e-04, 5.67274261e-05],\n",
      "       [6.53618069e-05, 5.67274261e-05, 1.03548381e-04]]), array([[1.00656606e-04, 1.69184910e-05, 6.23292217e-05],\n",
      "       [1.69184910e-05, 5.61183151e-04, 4.25890490e-05],\n",
      "       [6.23292217e-05, 4.25890490e-05, 1.00059930e-04]]), array([[9.78215110e-05, 1.83816821e-05, 6.21793633e-05],\n",
      "       [1.83816821e-05, 5.42580201e-04, 4.50952344e-05],\n",
      "       [6.21793633e-05, 4.50952344e-05, 1.00667376e-04]]), array([[9.48208219e-05, 2.17230296e-05, 6.45621591e-05],\n",
      "       [2.17230296e-05, 5.39095924e-04, 6.50559668e-05],\n",
      "       [6.45621591e-05, 6.50559668e-05, 1.22640850e-04]]), array([[9.10636010e-05, 2.12999025e-05, 6.26769332e-05],\n",
      "       [2.12999025e-05, 5.23112585e-04, 7.11821083e-05],\n",
      "       [6.26769332e-05, 7.11821083e-05, 1.31387155e-04]]), array([[8.82929564e-05, 2.45998626e-05, 5.97215981e-05],\n",
      "       [2.45998626e-05, 5.21959558e-04, 6.62002354e-05],\n",
      "       [5.97215981e-05, 6.62002354e-05, 1.26362126e-04]]), array([[8.71291337e-05, 1.39611803e-05, 5.12915946e-05],\n",
      "       [1.39611803e-05, 5.40446509e-04, 8.81839360e-05],\n",
      "       [5.12915946e-05, 8.81839360e-05, 1.36720215e-04]]), array([[8.37153653e-05, 1.29587591e-05, 4.84408588e-05],\n",
      "       [1.29587591e-05, 5.21589454e-04, 8.96255231e-05],\n",
      "       [4.84408588e-05, 8.96255231e-05, 1.40194597e-04]]), array([[8.03984947e-05, 1.33679446e-05, 4.64429731e-05],\n",
      "       [1.33679446e-05, 5.27827772e-04, 8.42800016e-05],\n",
      "       [4.64429731e-05, 8.42800016e-05, 1.34701173e-04]]), array([[8.81633282e-05, 1.75250062e-06, 4.64357819e-05],\n",
      "       [1.75250062e-06, 5.17896250e-04, 7.90414293e-05],\n",
      "       [4.64357819e-05, 7.90414293e-05, 1.29624985e-04]]), array([[1.06604564e-04, 1.02785745e-05, 4.54612246e-05],\n",
      "       [1.02785745e-05, 5.00544156e-04, 7.62252482e-05],\n",
      "       [4.54612246e-05, 7.62252482e-05, 1.24475468e-04]]), array([[1.05831276e-04, 1.07312367e-05, 4.34237443e-05],\n",
      "       [1.07312367e-05, 4.80736134e-04, 7.31220400e-05],\n",
      "       [4.34237443e-05, 7.31220400e-05, 1.19510192e-04]]), array([[1.11525810e-04, 1.08425787e-05, 4.60154141e-05],\n",
      "       [1.08425787e-05, 4.61536125e-04, 7.04328620e-05],\n",
      "       [4.60154141e-05, 7.04328620e-05, 1.16617108e-04]]), array([[1.09300023e-04, 4.65370420e-06, 4.56331549e-05],\n",
      "       [4.65370420e-06, 4.57892741e-04, 6.38606590e-05],\n",
      "       [4.56331549e-05, 6.38606590e-05, 1.12903911e-04]]), array([[1.11592867e-04, 3.01669439e-06, 5.49048888e-05],\n",
      "       [3.01669439e-06, 4.39892867e-04, 5.88905277e-05],\n",
      "       [5.49048888e-05, 5.88905277e-05, 1.26864515e-04]]), array([[1.11713948e-04, 7.72724130e-06, 6.12842927e-05],\n",
      "       [7.72724130e-06, 4.27388031e-04, 6.55714187e-05],\n",
      "       [6.12842927e-05, 6.55714187e-05, 1.37830105e-04]]), array([[1.08724027e-04, 9.01186499e-06, 6.19195343e-05],\n",
      "       [9.01186499e-06, 4.12010255e-04, 6.62753948e-05],\n",
      "       [6.19195343e-05, 6.62753948e-05, 1.38760121e-04]]), array([[1.06098924e-04, 1.45890733e-05, 5.70072403e-05],\n",
      "       [1.45890733e-05, 4.15981691e-04, 5.52354623e-05],\n",
      "       [5.70072403e-05, 5.52354623e-05, 1.36650673e-04]]), array([[1.02488379e-04, 1.49967127e-05, 5.51853842e-05],\n",
      "       [1.49967127e-05, 4.00893517e-04, 5.37434284e-05],\n",
      "       [5.51853842e-05, 5.37434284e-05, 1.31516439e-04]]), array([[1.23029900e-04, 3.92442657e-05, 6.90061695e-05],\n",
      "       [3.92442657e-05, 4.09913291e-04, 6.77561257e-05],\n",
      "       [6.90061695e-05, 6.77561257e-05, 1.36681601e-04]]), array([[1.22303940e-04, 2.73516481e-05, 6.78381184e-05],\n",
      "       [2.73516481e-05, 4.18917277e-04, 6.11281054e-05],\n",
      "       [6.78381184e-05, 6.11281054e-05, 1.31818615e-04]]), array([[1.20275774e-04, 3.01768007e-05, 7.21908193e-05],\n",
      "       [3.01768007e-05, 4.07523827e-04, 6.83527327e-05],\n",
      "       [7.21908193e-05, 6.83527327e-05, 1.43980123e-04]]), array([[1.16059993e-04, 2.45029251e-05, 7.01985582e-05],\n",
      "       [2.45029251e-05, 4.24742104e-04, 5.88996872e-05],\n",
      "       [7.01985582e-05, 5.88996872e-05, 1.39567730e-04]]), array([[1.12002830e-04, 2.49024746e-05, 6.74477887e-05],\n",
      "       [2.49024746e-05, 4.11004914e-04, 5.66784818e-05],\n",
      "       [6.74477887e-05, 5.66784818e-05, 1.33990606e-04]]), array([[1.07902996e-04, 2.63799616e-05, 6.44727356e-05],\n",
      "       [2.63799616e-05, 4.10654574e-04, 5.26086290e-05],\n",
      "       [6.44727356e-05, 5.26086290e-05, 1.28832958e-04]]), array([[1.06817551e-04, 2.35892340e-05, 6.45010049e-05],\n",
      "       [2.35892340e-05, 3.95160723e-04, 4.91036989e-05],\n",
      "       [6.45010049e-05, 4.91036989e-05, 1.25783653e-04]]), array([[1.21173270e-04, 1.16458552e-05, 6.59423358e-05],\n",
      "       [1.16458552e-05, 3.85849520e-04, 4.47649902e-05],\n",
      "       [6.59423358e-05, 4.47649902e-05, 1.21620412e-04]]), array([[1.16464392e-04, 1.10512499e-05, 6.22660200e-05],\n",
      "       [1.10512499e-05, 3.70535652e-04, 4.39431778e-05],\n",
      "       [6.22660200e-05, 4.39431778e-05, 1.24569492e-04]]), array([[1.11885244e-04, 1.06767591e-05, 6.04521474e-05],\n",
      "       [1.06767591e-05, 3.55771690e-04, 4.27610954e-05],\n",
      "       [6.04521474e-05, 4.27610954e-05, 1.25353182e-04]]), array([[1.07437009e-04, 1.01412496e-05, 5.84003853e-05],\n",
      "       [1.01412496e-05, 3.41973536e-04, 3.95888812e-05],\n",
      "       [5.84003853e-05, 3.95888812e-05, 1.25277135e-04]]), array([[1.14056817e-04, 2.65278105e-05, 6.16499277e-05],\n",
      "       [2.65278105e-05, 3.54123202e-04, 4.65966416e-05],\n",
      "       [6.16499277e-05, 4.65966416e-05, 1.23123761e-04]]), array([[1.44201148e-04, 4.83145886e-05, 8.34290677e-05],\n",
      "       [4.83145886e-05, 3.54999391e-04, 6.06937221e-05],\n",
      "       [8.34290677e-05, 6.06937221e-05, 1.35135837e-04]]), array([[1.38631030e-04, 4.99018745e-05, 8.14068885e-05],\n",
      "       [4.99018745e-05, 4.03395440e-04, 8.16511406e-05],\n",
